---
layout: default
title: 1983 Statistics
nav_order: 59
parent: Statistics
---

# {{page.title}}

## Season Batting

| Player | Inns | No | Runs | Ave |
|:---|:---|:---|:---|:---|
| **Andrew Gallagher** | 4 | 1 | 177 | 59 |
| **Tony Purves** | 2 | 0 | 72 | 36 |
| **James Booth** | 1 | 0 | 55 | 55 |
| **David Challoner** | 3 | 0 | 35 | 11.66 |
| **Stuart Watson** | 2 | 0 | 30 | 15 |
| **Andy Jones** | 2 | 0 | 29 | 14.5 |
| **Andrew Fielding** | 2 | 1 | 26 | 26 |
| **Streather** | 1 | 1 | 22 | - |
| **Alan Sylvester** | 1 | 0 | 19 | 19 |
| **Richard Beswick** | 2 | 2 | 16 | - |
| **Mark Kirwan** | 2 | 1 | 16 | 16 |
| **David Young** | 2 | 1 | 14 | 14 |
| **Michael Druce** | 1 | 0 | 8 | 8 |
| **John Packenham-Walsh** | 1 | 1 | 6 | - |
| **Jim Grant** | 3 | 2 | 4 | 4 |
| **Dan Newman** | 2 | 1 | 4 | 4 |
| **Ken Sullivan** | 1 | 0 | 2 | 2 |
| **Edward Harcourt** | 1 | 0 | 2 | 2 |
| **M Owen** | 1 | 0 | 1 | 1 |
| **Julian Mayo** | 1 | 0 | 1 | 1 |
| **Mark Gardiner** | 1 | 0 | 1 | 1 |
| **Bob Colethorpe** | 0 | 0 | 0 | - |
| **William Calvert** | 0 | 0 | 0 | - |
| **John Stimpfig** | 0 | 0 | 0 | - |
| **Jerry Wright** | 0 | 0 | 0 | - |

## Season Batting (by ave)

| Player | Inns | No | Runs | Ave |
|:---|:---|:---|:---|:---|
| **Andrew Gallagher** | 4 | 1 | 177 | 59 |
| **James Booth** | 1 | 0 | 55 | 55 |
| **Tony Purves** | 2 | 0 | 72 | 36 |
| **Andrew Fielding** | 2 | 1 | 26 | 26 |
| **Alan Sylvester** | 1 | 0 | 19 | 19 |
| **Mark Kirwan** | 2 | 1 | 16 | 16 |
| **Stuart Watson** | 2 | 0 | 30 | 15 |
| **Andy Jones** | 2 | 0 | 29 | 14.5 |
| **David Young** | 2 | 1 | 14 | 14 |
| **David Challoner** | 3 | 0 | 35 | 11.66 |
| **Michael Druce** | 1 | 0 | 8 | 8 |
| **Jim Grant** | 3 | 2 | 4 | 4 |
| **Dan Newman** | 2 | 1 | 4 | 4 |
| **Ken Sullivan** | 1 | 0 | 2 | 2 |
| **Edward Harcourt** | 1 | 0 | 2 | 2 |
| **M Owen** | 1 | 0 | 1 | 1 |
| **Julian Mayo** | 1 | 0 | 1 | 1 |
| **Mark Gardiner** | 1 | 0 | 1 | 1 |
| **Richard Beswick** | 2 | 2 | 16 | ? |
| **John Packenham-Walsh** | 1 | 1 | 6 | ? |
| **Bob Colethorpe** | 0 | 0 | 0 | ? |
| **Streather** | 1 | 1 | 22 | ? |
| **William Calvert** | 0 | 0 | 0 | ? |
| **John Stimpfig** | 0 | 0 | 0 | ? |
| **Jerry Wright** | 0 | 0 | 0 | ? |

## Season Bowling

| Player | O | M | R | W | Ave | SR |
|:---|:---|:---|:---|:---|:---|:---|
| **Mark Kirwan** | 30.1 | 5 | 98 | 9 | 10.88 | 20.07 |
| **Alan Sylvester** | 24 | 2 | 106 | 5 | 21.2 | 28.8 |
| **Andy Jones** | 7 | 2 | 14 | 4 | 3.5 | 10.5 |
| **Richard Beswick** | 4 | 2 | 4 | 3 | 1.33 | 8 |
| **Jerry Wright** | 5 | 0 | 23 | 3 | 7.66 | 10 |
| **Tony Purves** | 10 | 1 | 55 | 2 | 27.5 | 30 |
| **David Challoner** | 10 | 0 | 35 | 2 | 17.5 | 30 |
| **William Calvert** | 1 | 0 | 1 | 2 | .5 | 3 |
| **Andrew Gallagher** | 3 | 0 | 21 | 1 | 21 | 18 |
| **John Packenham-Walsh** | 2 | 0 | 12 | 1 | 12 | 12 |
| **Jim Grant** | .3 | 0 | 0 | 1 | 0 | 1.8 |
| **James Booth** | .1 | 0 | 0 | 1 | 0 | .6 |
| **Mark Gardiner** | 3 | 1 | 8 | 1 | 8 | 18 |
| **Michael Druce** | 2 | 0 | 17 | 0 | - | - |
| **Bob Colethorpe** | 2 | 0 | 12 | 0 | - | - |
| **Ken Sullivan** | 4 | 0 | 17 | 0 | - | - |
| **Dan Newman** | 1 | 1 | 0 | 0 | - | - |
| **Edward Harcourt** | 2 | 0 | 10 | 0 | - | - |

## Season Bowling (by ave)

| Player | O | M | R | W | Ave | SR |
|:---|:---|:---|:---|:---|:---|:---|
| **Michael Druce** | 2 | 0 | 17 | 0 | ? | ? |
| **Bob Colethorpe** | 2 | 0 | 12 | 0 | ? | ? |
| **Ken Sullivan** | 4 | 0 | 17 | 0 | ? | ? |
| **Dan Newman** | 1 | 1 | 0 | 0 | ? | ? |
| **Edward Harcourt** | 2 | 0 | 10 | 0 | ? | ? |
| **Jim Grant** | .3 | 0 | 0 | 1 | 0 | 1.8 |
| **James Booth** | .1 | 0 | 0 | 1 | 0 | .6 |
| **William Calvert** | 1 | 0 | 1 | 2 | .5 | 3 |
| **Richard Beswick** | 4 | 2 | 4 | 3 | 1.33 | 8 |
| **Andy Jones** | 7 | 2 | 14 | 4 | 3.5 | 10.5 |
| **Jerry Wright** | 5 | 0 | 23 | 3 | 7.67 | 10 |
| **Mark Gardiner** | 3 | 1 | 8 | 1 | 8 | 18 |
| **Mark Kirwan** | 30.1 | 5 | 98 | 9 | 10.889 | 20.07 |
| **John Packenham-Walsh** | 2 | 0 | 12 | 1 | 12 | 12 |
| **David Challoner** | 10 | 0 | 35 | 2 | 17.5 | 30 |
| **Andrew Gallagher** | 3 | 0 | 21 | 1 | 21 | 18 |
| **Alan Sylvester** | 24 | 2 | 106 | 5 | 21.2 | 28.8 |
| **Tony Purves** | 10 | 1 | 55 | 2 | 27.5 | 30 |

## Career Batting

| Player | M | Inns | No | Runs | Ave |
|:---|:---|:---|:---|:---|:---|
| **Andrew Gallagher** | 11 | 10 | 1 | 240 | 26.67 |
| **James Booth** | 9 | 9 | 1 | 235 | 29.38 |
| **Robin Emanuel** | 11 | 10 | 2 | 160 | 20.00 |
| **Richard Beswick** | 12 | 11 | 4 | 123 | 17.57 |
| **David Mundy** | 6 | 5 | 0 | 106 | 21.20 |
| **William Calvert** | 13 | 11 | 1 | 93 | 9.30 |
| **Stuart Watson** | 4 | 4 | 1 | 88 | 29.33 |
| **Jim Grant** | 16 | 12 | 5 | 78 | 11.14 |
| **Mark Kirwan** | 16 | 9 | 1 | 76 | 9.50 |
| **Tony Purves** | 3 | 2 | 0 | 72 | 36.00 |
| **Paul Newcomb** | 2 | 2 | 0 | 59 | 29.50 |
| **Jerry Wright** | 14 | 7 | 1 | 53 | 8.83 |
| **Alan Sylvester** | 16 | 8 | 4 | 50 | 12.50 |
| **David Challoner** | 3 | 3 | 0 | 35 | 11.67 |
| **Scott Sutherland** | 2 | 2 | 0 | 33 | 16.50 |
| **Andy Jones** | 2 | 2 | 0 | 29 | 14.50 |
| **Andrew Fielding** | 2 | 2 | 1 | 26 | 26.00 |
| **Mark Gardiner** | 8 | 6 | 1 | 25 | 5.00 |
| **Colin Chitty** | 3 | 2 | 0 | 20 | 10.00 |
| **David Young** | 5 | 2 | 1 | 14 | 14.00 |
| **Ken Sullivan** | 4 | 3 | 0 | 8 | 2.67 |
| **John Packenham-Walsh** | 2 | 1 | 1 | 6 | - |
| **Dan Newman** | 2 | 2 | 1 | 4 | 4.00 |
| **Liam Sheridan** | 2 | 1 | 0 | 0 | 0.00 |

## Career Batting (by ave)

| Player | M | Inns | No | Runs | Ave |
|:---|:---|:---|:---|:---|:---|
| **Tony Purves** | 3 | 2 | 0 | 72 | 36.00 |
| **Paul Newcomb** | 2 | 2 | 0 | 59 | 29.50 |
| **James Booth** | 9 | 9 | 1 | 235 | 29.38 |
| **Stuart Watson** | 4 | 4 | 1 | 88 | 29.33 |
| **Andrew Gallagher** | 11 | 10 | 1 | 240 | 26.67 |
| **Andrew Fielding** | 2 | 2 | 1 | 26 | 26.00 |
| **David Mundy** | 6 | 5 | 0 | 106 | 21.20 |
| **Robin Emanuel** | 11 | 10 | 2 | 160 | 20.00 |
| **Richard Beswick** | 12 | 11 | 4 | 123 | 17.57 |
| **Scott Sutherland** | 2 | 2 | 0 | 33 | 16.50 |
| **Andy Jones** | 2 | 2 | 0 | 29 | 14.50 |
| **David Young** | 5 | 2 | 1 | 14 | 14.00 |
| **Alan Sylvester** | 16 | 8 | 4 | 50 | 12.50 |
| **David Challoner** | 3 | 3 | 0 | 35 | 11.67 |
| **Jim Grant** | 16 | 12 | 5 | 78 | 11.14 |
| **Colin Chitty** | 3 | 2 | 0 | 20 | 10.00 |
| **Mark Kirwan** | 16 | 9 | 1 | 76 | 9.50 |
| **William Calvert** | 13 | 11 | 1 | 93 | 9.30 |
| **Jerry Wright** | 14 | 7 | 1 | 53 | 8.83 |
| **Mark Gardiner** | 8 | 6 | 1 | 25 | 5.00 |
| **Dan Newman** | 2 | 2 | 1 | 4 | 4.00 |
| **Ken Sullivan** | 4 | 3 | 0 | 8 | 2.67 |
| **Liam Sheridan** | 2 | 1 | 0 | 0 | 0.00 |
| **John Packenham-Walsh** | 2 | 1 | 1 | 6 | - |

## Career Bowling (by wkts)

| Player | M | O | M | R | W | Ave | SR |
|:---|:---|:---|:---|:---|:---|:---|:---|
| **Mark Kirwan** | 16 | 125.3 | 23 | 407 | 33 | 12.33 | 22.78 |
| **Jerry Wright** | 14 | 68.4 | 8 | 289 | 21 | 13.76 | 19.54 |
| **Alan Sylvester** | 16 | 90 | 8 | 412 | 17 | 24.24 | 31.76 |
| **Ken Sullivan** | 4 | 27.1 | 5 | 104 | 9 | 11.56 | 18.07 |
| **William Calvert** | 13 | 33 | 3 | 153 | 9 | 17.00 | 22.00 |
| **Mark Gardiner** | 8 | 12 | 2 | 47 | 5 | 9.40 | 14.40 |
| **Richard Beswick** | 12 | 10 | 3 | 41 | 5 | 8.20 | 12.00 |
| **Andy Jones** | 2 | 7 | 2 | 14 | 4 | 3.50 | 10.50 |
| **Andrew Gallagher** | 11 | 7 | 0 | 44 | 2 | 22.00 | 21.00 |
| **David Challoner** | 3 | 10 | 0 | 35 | 2 | 17.50 | 30.00 |
| **Scott Sutherland** | 2 | 9 | 4 | 14 | 2 | 7.00 | 27.00 |
| **Tony Purves** | 3 | 10 | 1 | 55 | 2 | 27.50 | 30.00 |
| **James Booth** | 9 | 3.1 | 0 | 20 | 1 | 20.00 | 18.60 |
| **Jim Grant** | 16 | .3 | 0 | 0 | 1 | 0.00 | 1.80 |
| **John Packenham-Walsh** | 2 | 2 | 0 | 12 | 1 | 12.00 | 12.00 |
| **Liam Sheridan** | 2 | 3 | 0 | 14 | 1 | 14.00 | 18.00 |
| **Robin Emanuel** | 11 | 3 | 0 | 26 | 1 | 26.00 | 18.00 |
| **Colin Chitty** | 3 | 3 | 0 | 20 | 0 | - | - |
| **Dan Newman** | 2 | 1 | 1 | 0 | 0 | - | - |

## Career Bowling (by ave)

| Player | M | O | M | R | W | Ave | SR |
|:---|:---|:---|:---|:---|:---|:---|:---|
| **Jim Grant** | 16 | .3 | 0 | 0 | 1 | 0.00 | 1.80 |
| **Andy Jones** | 2 | 7 | 2 | 14 | 4 | 3.50 | 10.50 |
| **Scott Sutherland** | 2 | 9 | 4 | 14 | 2 | 7.00 | 27.00 |
| **Richard Beswick** | 12 | 10 | 3 | 41 | 5 | 8.20 | 12.00 |
| **Mark Gardiner** | 8 | 12 | 2 | 47 | 5 | 9.40 | 14.40 |
| **Ken Sullivan** | 4 | 27.1 | 5 | 104 | 9 | 11.56 | 18.07 |
| **John Packenham-Walsh** | 2 | 2 | 0 | 12 | 1 | 12.00 | 12.00 |
| **Mark Kirwan** | 16 | 125.3 | 23 | 407 | 33 | 12.33 | 22.78 |
| **Jerry Wright** | 14 | 68.4 | 8 | 289 | 21 | 13.76 | 19.54 |
| **Liam Sheridan** | 2 | 3 | 0 | 14 | 1 | 14.00 | 18.00 |
| **William Calvert** | 13 | 33 | 3 | 153 | 9 | 17.00 | 22.00 |
| **David Challoner** | 3 | 10 | 0 | 35 | 2 | 17.50 | 30.00 |
| **James Booth** | 9 | 3.1 | 0 | 20 | 1 | 20.00 | 18.60 |
| **Andrew Gallagher** | 11 | 7 | 0 | 44 | 2 | 22.00 | 21.00 |
| **Alan Sylvester** | 16 | 90 | 8 | 412 | 17 | 24.24 | 31.76 |
| **Robin Emanuel** | 11 | 3 | 0 | 26 | 1 | 26.00 | 18.00 |
| **Tony Purves** | 3 | 10 | 1 | 55 | 2 | 27.50 | 30.00 |
| **Colin Chitty** | 3 | 3 | 0 | 20 | 0 | - | - |
| **Dan Newman** | 2 | 1 | 1 | 0 | 0 | - | - |
