---
layout: default
title: 1986 Statistics
nav_order: 56
parent: Statistics
---

# {{page.title}}

## Season Batting

| Player | M | Inns | No | Runs | Ave |
|:---|:---|:---|:---|:---|:---|
| **Andrew Gallagher** | 10 | 10 | 1 | 241 | 26.77 |
| **Tony Purves** | 7 | 6 | 3 | 215 | 71.66 |
| **Jim Grant** | 13 | 12 | 0 | 195 | 16.25 |
| **William Calvert** | 12 | 10 | 2 | 167 | 20.875 |
| **Will Wright** | 8 | 7 | 1 | 152 | 25.33 |
| **Richard Beswick** | 11 | 10 | 2 | 131 | 16.375 |
| **Stuart Watson** | 3 | 3 | 1 | 122 | 61 |
| **Phil Gault** | 1 | 1 | 0 | 91 | 91 |
| **Mark Gardiner** | 8 | 6 | 0 | 73 | 12.17 |
| **Mark Lawrence** | 2 | 2 | 1 | 71 | 71 |
| **Jonathan Binder** | 4 | 4 | 0 | 62 | 15.5 |
| **Andrew Fielding** | 7 | 6 | 1 | 53 | 10.6 |
| **Mark Taylor** | 1 | 1 | 0 | 53 | 53 |
| **Steve Foster** | 1 | 1 | 0 | 53 | 53 |
| **Alan Sylvester** | 7 | 6 | 3 | 42 | 14 |
| **David Mundy** | 2 | 2 | 0 | 42 | 21 |
| **Richard Olver** | 6 | 1 | 0 | 34 | 34 |
| **David Young** | 8 | 6 | 2 | 33 | 8.25 |
| **Edward Garland** | 5 | 4 | 2 | 30 | 15 |
| **John Packenham-Walsh** | 1 | 1 | 0 | 24 | 24 |
| **Mark Kirwan** | 6 | 4 | 0 | 23 | 5.75 |
| **Marcus Stapleton** | 2 | 2 | 1 | 22 | 22 |
| **Jerry Wright** | 15 | 6 | 1 | 20 | 4 |
| **Dan Newman** | 6 | 4 | 0 | 13 | 3.25 |
| **Tim Horsey** | 2 | 2 | 0 | 6 | 3 |
| **Roger Scotts** | 3 | 2 | 1 | 4 | 4 |
| **Andy Speake** | 1 | 1 | 0 | 3 | 3 |
| **James White jnr** | 1 | 1 | 1 | 3 | - |
| **Simon Reeve** | 1 | 1 | 0 | 0 | 0 |
| **Colin Chitty** | 1 | 1 | 0 | 0 | 0 |
| **S. Mears** | 1 | 1 | 1 | 0 | - |
| **Gerald Wright** | 1 | 1 | 0 | 0 | 0 |

## Season Batting (by ave)

| Player | M | Inns | No | Runs | Ave |
|:---|:---|:---|:---|:---|:---|
| **Phil Gault** | 1 | 1 | 0 | 91 | 91 |
| **Tony Purves** | 7 | 6 | 3 | 215 | 71.66 |
| **Mark Lawrence** | 2 | 2 | 1 | 71 | 71 |
| **Stuart Watson** | 3 | 3 | 1 | 122 | 61 |
| **Mark Taylor** | 1 | 1 | 0 | 53 | 53 |
| **Steve Foster** | 1 | 1 | 0 | 53 | 53 |
| **Richard Olver** | 6 | 1 | 0 | 34 | 34 |
| **Andrew Gallagher** | 10 | 10 | 1 | 241 | 26.78 |
| **Will Wright** | 8 | 7 | 1 | 152 | 25.33 |
| **John Packenham-Walsh** | 1 | 1 | 0 | 24 | 24 |
| **Marcus Stapleton** | 2 | 2 | 1 | 22 | 22 |
| **David Mundy** | 2 | 2 | 0 | 42 | 21 |
| **William Calvert** | 12 | 10 | 2 | 167 | 20.87 |
| **Richard Beswick** | 11 | 10 | 2 | 131 | 16.37 |
| **Jim Grant** | 13 | 12 | 0 | 195 | 16.25 |
| **Jonathan Binder** | 4 | 4 | 0 | 62 | 15.5 |
| **Edward Garland** | 5 | 4 | 2 | 30 | 15 |
| **Alan Sylvester** | 7 | 6 | 3 | 42 | 14 |
| **Mark Gardiner** | 8 | 6 | 0 | 73 | 12.17 |
| **Andrew Fielding** | 7 | 6 | 1 | 53 | 10.6 |
| **David Young** | 8 | 6 | 2 | 33 | 8.25 |
| **Mark Kirwan** | 6 | 4 | 0 | 23 | 5.75 |
| **Jerry Wright** | 15 | 6 | 1 | 20 | 4 |
| **Roger Scotts** | 3 | 2 | 1 | 4 | 4 |
| **Dan Newman** | 6 | 4 | 0 | 13 | 3.25 |
| **Tim Horsey** | 2 | 2 | 0 | 6 | 3 |
| **Andy Speake** | 1 | 1 | 0 | 3 | 3 |
| **Simon Reeve** | 1 | 1 | 0 | 0 | 0 |
| **Colin Chitty** | 1 | 1 | 0 | 0 | 0 |
| **Gerald Wright** | 1 | 1 | 0 | 0 | 0 |
| **S. Mears** | 1 | 1 | 1 | 0 | ? |
| **James White jnr** | 1 | 1 | 1 | 3 | - |

## Season Bowling

| Player | O | M | R | W | Ave | SR |
|:---|:---|:---|:---|:---|:---|:---|
| **Jerry Wright** | 15 | 118.8 | 17 | 453 | 22 | 20.59 | 32.4 |
| **Richard Olver** | 6 | 55 | 20 | 129 | 11 | 11.73 | 30 |
| **Alan Sylvester** | 7 | 73 | 11 | 296 | 10 | 29.6 | 43.8 |
| **Edward Garland** | 5 | 35.3 | 10 | 122 | 10 | 12.2 | 21.18 |
| **Tony Purves** | 7 | 33.5 | 4 | 187 | 10 | 18.7 | 20.1 |
| **Richard Beswick** | 11 | 45 | 9 | 157 | 9 | 17.44 | 30 |
| **Mark Kirwan** | 6 | 71 | 10 | 260 | 9 | 28.89 | 47.33 |
| **Will Wright** | 8 | 26.5 | 6 | 75 | 6 | 12.5 | 26.5 |
| **William Calvert** | 12 | 35 | 2 | 173 | 5 | 34.6 | 42 |
| **Mark Taylor** | 1 | 10 | 1 | 43 | 4 | 10.75 | 15 |
| **Andrew Gallagher** | 10 | 19 | 2 | 103 | 3 | 34.33 | 38 |
| **Mark Gardiner** | 8 | 13 | 0 | 69 | 3 | 23 | 26 |
| **Jim Grant** | 13 | 6 | 1 | 35 | 2 | 17.5 | 18 |
| **Roger Scotts** | 3 | 12 | 2 | 67 | 2 | 33.5 | 36 |
| **Steve Foster** | 1 | 11 | 0 | 50 | 1 | 50 | 66 |
| **S. Mears** | 1 | 5 | 0 | 28 | 1 | 28 | 30 |
| **Andrew Fielding** | 7 | 1 | 0 | 12 | 0 | - | - |
| **Dan Newman** | 6 | 2 | 0 | 19 | 0 | - | - |
| **Andy Speake** | 1 | 7 | 1 | 22 | 0 | - | - |

## Season Bowling (by ave)

| Player | O | M | R | W | Ave | SR |
|:---|:---|:---|:---|:---|:---|:---|
| **Mark Taylor** | 1 | 10 | 1 | 43 | 4 | 10.75 | 15 |
| **Richard Olver** | 6 | 55 | 20 | 129 | 11 | 11.73 | 30 |
| **Edward Garland** | 5 | 35.3 | 10 | 122 | 10 | 12.2 | 21.18 |
| **Will Wright** | 8 | 26.5 | 6 | 75 | 6 | 12.5 | 26.5 |
| **Richard Beswick** | 11 | 45 | 9 | 157 | 9 | 17.44 | 30 |
| **Jim Grant** | 13 | 6 | 1 | 35 | 2 | 17.5 | 18 |
| **Tony Purves** | 7 | 33.5 | 4 | 187 | 10 | 18.7 | 20.1 |
| **Jerry Wright** | 15 | 118.8 | 17 | 453 | 22 | 20.59 | 32.4 |
| **Mark Gardiner** | 8 | 13 | 0 | 69 | 3 | 23 | 26 |
| **S. Mears** | 1 | 5 | 0 | 28 | 1 | 28 | 30 |
| **Mark Kirwan** | 6 | 71 | 10 | 260 | 9 | 28.89 | 47.33 |
| **Alan Sylvester** | 7 | 73 | 11 | 296 | 10 | 29.6 | 43.8 |
| **Roger Scotts** | 3 | 12 | 2 | 67 | 2 | 33.5 | 36 |
| **Andrew Gallagher** | 10 | 19 | 2 | 103 | 3 | 34.33 | 38 |
| **William Calvert** | 12 | 35 | 2 | 173 | 5 | 34.6 | 42 |
| **Steve Foster** | 1 | 11 | 0 | 50 | 1 | 50 | 66 |

## Career Batting

| Player | M | Inns | No | Runs | Ave |
|:---|:---|:---|:---|:---|:---|
| **Andrew Gallagher** | 44 | 42 | 2 | 1020 | 25.50 |
| **William Calvert** | 55 | 50 | 7 | 766 | 17.81 |
| **Jim Grant** | 59 | 53 | 9 | 672 | 15.27 |
| **Richard Beswick** | 53 | 48 | 9 | 648 | 16.62 |
| **Tony Purves** | 15 | 13 | 4 | 406 | 45.11 |
| **Stuart Watson** | 14 | 14 | 4 | 370 | 37.00 |
| **Alan Sylvester** | 37 | 23 | 11 | 282 | 23.50 |
| **James Booth** | 9 | 9 | 1 | 235 | 29.38 |
| **Mark Kirwan** | 32 | 21 | 4 | 213 | 12.53 |
| **Andrew Fielding** | 16 | 14 | 2 | 176 | 14.67 |
| **David Young** | 32 | 23 | 7 | 171 | 10.69 |
| **Mark Gardiner** | 32 | 25 | 2 | 169 | 7.35 |
| **David Mundy** | 14 | 13 | 0 | 168 | 12.92 |
| **Robin Emanuel** | 11 | 10 | 2 | 160 | 20.00 |
| **Will Wright** | 8 | 7 | 1 | 152 | 25.33 |
| **Jerry Wright** | 55 | 30 | 6 | 151 | 6.29 |
| **John Packenham-Walsh** | 7 | 5 | 1 | 151 | 37.75 |
| **Dan Newman** | 25 | 20 | 2 | 98 | 5.44 |
| **Phil Gault** | 1 | 1 | 0 | 91 | 91.00 |
| **Mark Lawrence** | 3 | 3 | 1 | 71 | 35.50 |
| **Eddie Bishop** | 3 | 3 | 0 | 70 | 23.33 |
| **Jonathan Binder** | 4 | 4 | 0 | 62 | 15.50 |
| **Tim Horsey** | 7 | 7 | 1 | 61 | 10.17 |
| **Paul Newcomb** | 2 | 2 | 0 | 59 | 29.50 |
| **Mark Taylor** | 1 | 1 | 0 | 53 | 53.00 |
| **Pip Clothier** | 1 | 1 | 1 | 53 | ? |
| **Steve Foster** | 1 | 1 | 0 | 53 | 53.00 |
| **Steve Maynard** | 9 | 8 | 1 | 49 | 7.00 |
| **Richard Olver** | 9 | 4 | 2 | 44 | 22.00 |
| **Edward Harcourt** | 17 | 14 | 3 | 42 | 3.82 |
| **David Challoner** | 3 | 3 | 0 | 35 | 11.67 |
| **Edward Garland** | 7 | 5 | 2 | 33 | 11.00 |
| **Scott Sutherland** | 2 | 2 | 0 | 33 | 16.50 |

## Career Batting (by ave)

| Player | M | Inns | No | Runs | Ave |
|:---|:---|:---|:---|:---|:---|
| **Phil Gault** | 1 | 1 | 0 | 91 | 91.00 |
| **Mark Taylor** | 1 | 1 | 0 | 53 | 53.00 |
| **Steve Foster** | 1 | 1 | 0 | 53 | 53.00 |
| **Tony Purves** | 15 | 13 | 4 | 406 | 45.11 |
| **John Packenham-Walsh** | 7 | 5 | 1 | 151 | 37.75 |
| **Stuart Watson** | 14 | 14 | 4 | 370 | 37.00 |
| **Mark Lawrence** | 3 | 3 | 1 | 71 | 35.50 |
| **Paul Newcomb** | 2 | 2 | 0 | 59 | 29.50 |
| **James Booth** | 9 | 9 | 1 | 235 | 29.38 |
| **Andrew Gallagher** | 44 | 42 | 2 | 1020 | 25.50 |
| **Will Wright** | 8 | 7 | 1 | 152 | 25.33 |
| **Alan Sylvester** | 37 | 23 | 11 | 282 | 23.50 |
| **Eddie Bishop** | 3 | 3 | 0 | 70 | 23.33 |
| **Richard Olver** | 9 | 4 | 2 | 44 | 22.00 |
| **Robin Emanuel** | 11 | 10 | 2 | 160 | 20.00 |
| **William Calvert** | 55 | 50 | 7 | 766 | 17.81 |
| **Richard Beswick** | 53 | 48 | 9 | 648 | 16.62 |
| **Scott Sutherland** | 2 | 2 | 0 | 33 | 16.50 |
| **Jonathan Binder** | 4 | 4 | 0 | 62 | 15.50 |
| **Jim Grant** | 59 | 53 | 9 | 672 | 15.27 |
| **Andrew Fielding** | 16 | 14 | 2 | 176 | 14.67 |
| **David Mundy** | 14 | 13 | 0 | 168 | 12.92 |
| **Mark Kirwan** | 32 | 21 | 4 | 213 | 12.53 |
| **David Challoner** | 3 | 3 | 0 | 35 | 11.67 |
| **Edward Garland** | 7 | 5 | 2 | 33 | 11.00 |
| **David Young** | 32 | 23 | 7 | 171 | 10.69 |
| **Tim Horsey** | 7 | 7 | 1 | 61 | 10.17 |
| **Mark Gardiner** | 32 | 25 | 2 | 169 | 7.35 |
| **Steve Maynard** | 9 | 8 | 1 | 49 | 7.00 |
| **Jerry Wright** | 55 | 30 | 6 | 151 | 6.29 |
| **Dan Newman** | 25 | 20 | 2 | 98 | 5.44 |
| **Edward Harcourt** | 17 | 14 | 3 | 42 | 3.82 |
| **Pip Clothier** | 1 | 1 | 1 | 53 | - |

## Career Bowling (by wkts - min 5 wkts)

| Player | M | O | M | R | W | Ave | SR |
|:---|:---|:---|:---|:---|:---|:---|
| **Jerry Wright** | 55 | 393.4 | 64 | 1356 | 80 | 16.95 | 29.51 |
| **Alan Sylvester** | 37 | 278 | 52 | 1013 | 60 | 16.88 | 27.80 |
| **Mark Kirwan** | 32 | 278.3 | 49 | 949 | 58 | 16.36 | 28.79 |
| **Richard Beswick** | 53 | 207.1 | 42 | 692 | 47 | 14.72 | 26.44 |
| **William Calvert** | 55 | 218.2 | 33 | 879 | 45 | 19.53 | 29.09 |
| **Tony Purves** | 15 | 86.8 | 12 | 369 | 30 | 12.30 | 17.36 |
| **Mark Gardiner** | 32 | 79 | 7 | 299 | 19 | 15.74 | 24.95 |
| **Richard Olver** | 9 | 77 | 24 | 194 | 13 | 14.92 | 35.54 |
| **Andrew Gallagher** | 44 | 45.2 | 5 | 236 | 12 | 19.67 | 22.60 |
| **Edward Garland** | 7 | 44.3 | 10 | 152 | 11 | 13.82 | 24.16 |
| **Ken Sullivan** | 4 | 27.1 | 5 | 104 | 9 | 11.56 | 18.07 |
| **Will Wright** | 8 | 26.5 | 6 | 75 | 6 | 12.50 | 26.50 |
| **Edward Harcourt** | 17 | 18.1 | 1 | 83 | 5 | 16.60 | 21.72 |
| **Roger Scotts** | 6 | 20 | 3 | 87 | 5 | 17.40 | 24.00 |

## Career Bowling (by ave - min 5 wkts)

| Player | M | O | M | R | W | Ave | SR |
|:---|:---|:---|:---|:---|:---|:---|
| **Ken Sullivan** | 4 | 27.1 | 5 | 104 | 9 | 11.56 | 18.07 |
| **Tony Purves** | 15 | 86.8 | 12 | 369 | 30 | 12.30 | 17.36 |
| **Will Wright** | 8 | 26.5 | 6 | 75 | 6 | 12.50 | 26.50 |
| **Edward Garland** | 7 | 44.3 | 10 | 152 | 11 | 13.82 | 24.16 |
| **Richard Beswick** | 53 | 207.1 | 42 | 692 | 47 | 14.72 | 26.44 |
| **Richard Olver** | 9 | 77 | 24 | 194 | 13 | 14.92 | 35.54 |
| **Mark Gardiner** | 32 | 79 | 7 | 299 | 19 | 15.74 | 24.95 |
| **Mark Kirwan** | 32 | 278.3 | 49 | 949 | 58 | 16.36 | 28.79 |
| **Edward Harcourt** | 17 | 18.1 | 1 | 83 | 5 | 16.60 | 21.72 |
| **Alan Sylvester** | 37 | 278 | 52 | 1013 | 60 | 16.88 | 27.80 |
| **Jerry Wright** | 55 | 393.4 | 64 | 1356 | 80 | 16.95 | 29.51 |
| **Roger Scotts** | 6 | 20 | 3 | 87 | 5 | 17.40 | 24.00 |
| **William Calvert** | 55 | 218.2 | 33 | 879 | 45 | 19.53 | 29.09 |
| **Andrew Gallagher** | 44 | 45.2 | 5 | 236 | 12 | 19.67 | 22.60 |
