---
layout: default
title: 1987 Statistics
nav_order: 102
parent: Statistics
---

# {{page.title}}

(Career Qualification 200 runs; 20 wkts)

<details open markdown="block">
  {: .text-delta }
1. TOC
{:toc}
</details>

Andrew Gallagher: 1000 runs<br />
Richard Beswick and William Calvert: 50 wkts

## Season Batting

| Player | M | Inns | No | Runs | Ave |
|:---|:---|:---|:---|:---|:---|
| **Jim Grant** | 13 | 13 | 1 | 313 | 26.08 |
| **Andrew Gallagher** | 10 | 10 | 0 | 221 | 22.1 |
| **Mark Taylor** | 4 | 4 | 1 | 137 | 45.67 |
| **John Packenham-Walsh** | 4 | 4 | 1 | 110 | 36.67 |
| **William Calvert** | 10 | 9 | 2 | 108 | 15.43 |
| **Richard Beswick** | 12 | 10 | 1 | 101 | 11.22 |
| **Edward Garland** | 7 | 6 | 0 | 71 | 11.83 |
| **Tony Purves** | 3 | 3 | 1 | 53 | 26.5 |
| **Dan Newman** | 7 | 5 | 0 | 40 | 8 |
| **Alan Sylvester** | 5 | 3 | 2 | 33 | 33 |
| **David Young** | 5 | 5 | 2 | 32 | 10.67 |
| **Jerry Wright** | 13 | 6 | 1 | 27 | 5.4 |
| **Mark Gardiner** | 5 | 4 | 0 | 25 | 6.25 |
| **Jonathan Binder** | 5 | 5 | 0 | 25 | 5 |
| **Richard Olver** | 7 | 5 | 4 | 11 | 11 |
| **Steve Maynard** | 3 | 3 | 0 | 6 | 2 |
| **Gerald Wright** | 2 | 1 | 1 | 0 | - |

## Season Batting (by ave)

| Player | M | Inns | No | Runs | Ave |
|:---|:---|:---|:---|:---|:---|
| **Mark Taylor** | 4 | 4 | 1 | 137 | 45.66 |
| **John Packenham-Walsh** | 4 | 4 | 1 | 110 | 36.67 |
| **Alan Sylvester** | 5 | 3 | 2 | 33 | 33 |
| **Tony Purves** | 3 | 3 | 1 | 53 | 26.5 |
| **Jim Grant** | 13 | 13 | 1 | 313 | 26.08 |
| **Andrew Gallagher** | 10 | 10 | 0 | 221 | 22.1 |
| **William Calvert** | 10 | 9 | 2 | 108 | 15.43 |
| **Edward Garland** | 7 | 6 | 0 | 71 | 11.83 |
| **Richard Beswick** | 12 | 10 | 1 | 101 | 11.22 |
| **Richard Olver** | 7 | 5 | 4 | 11 | 11 |
| **David Young** | 5 | 5 | 2 | 32 | 10.67 |
| **Dan Newman** | 7 | 5 | 0 | 40 | 8 |
| **Mark Gardiner** | 5 | 4 | 0 | 25 | 6.25 |
| **Jerry Wright** | 13 | 6 | 1 | 27 | 5.4 |
| **Jonathan Binder** | 5 | 5 | 0 | 25 | 5 |
| **Steve Maynard** | 3 | 3 | 0 | 6 | 2 |
| **Gerald Wright** | 2 | 1 | 1 | 0 | - |

## Career Batting

| Player | Mat | Inns | No | Runs | Ave |
|:---|:---|:---|:---|:---|:---|
| **Andrew Gallagher** | 53 | 51 | 2 | 1279 | 26.10 |
| **Jim Grant** | 71 | 65 | 10 | 960 | 17.45 |
| **William Calvert** | 64 | 58 | 9 | 863 | 17.61 |
| **Richard Beswick** | 65 | 58 | 10 | 749 | 15.60 |
| **Tony Purves** | 18 | 16 | 5 | 459 | 41.73 |
| **Stuart Watson** | 14 | 14 | 4 | 370 | 37.00 |
| **Alan Sylvester** | 41 | 26 | 13 | 315 | 24.23 |
| **John Packenham-Walsh** | 11 | 9 | 2 | 261 | 37.29 |
| **James Booth** | 9 | 9 | 1 | 235 | 29.38 |
| **Mark Kirwan** | 31 | 21 | 4 | 213 | 12.53 |
| **David Young** | 37 | 28 | 9 | 203 | 10.68 |

## Career Batting (by Ave)

| Player | Mat | Inns | No | Runs | Ave |
|:---|:---|:---|:---|:---|:---|
| **Tony Purves** | 18 | 16 | 5 | 459 | 41.73 |
| **John Packenham-Walsh** | 11 | 9 | 2 | 261 | 37.29 |
| **Stuart Watson** | 14 | 14 | 4 | 370 | 37.00 |
| **James Booth** | 9 | 9 | 1 | 235 | 29.38 |
| **Andrew Gallagher** | 53 | 51 | 2 | 1279 | 26.10 |
| **Alan Sylvester** | 41 | 26 | 13 | 315 | 24.23 |
| **William Calvert** | 64 | 58 | 9 | 863 | 17.61 |
| **Jim Grant** | 71 | 65 | 10 | 960 | 17.45 |
| **Richard Beswick** | 65 | 58 | 10 | 749 | 15.60 |
| **Mark Kirwan** | 31 | 21 | 4 | 213 | 12.53 |
| **David Young** | 37 | 28 | 9 | 203 | 10.68 |

## Season Bowling

| Player | O | M | R | W | Ave | SR |
|:---|:---|:---|:---|:---|:---|:---|
| **Edward Garland** | 7 | 43.1 | 4 | 158 | 21 | 7.52 | 12.31 |
| **Richard Beswick** | 12 | 101.3 | 21 | 254 | 18 | 14.11 | 33.76 |
| **Jerry Wright** | 13 | 100.3 | 23 | 260 | 18 | 14.44 | 33.43 |
| **Richard Olver** | 7 | 53 | 18 | 110 | 11 | 10 | 28.90 |
| **Andrew Gallagher** | 10 | 32.4 | 2 | 162 | 8 | 20.25 | 24.3 |
| **William Calvert** | 10 | 31 | 4 | 142 | 7 | 20.28 | 26.57 |
| **Mark Gardiner** | 5 | 15 | 2 | 56 | 6 | 9.33 | 15 |
| **Tony Purves** | 3 | 25 | 2 | 119 | 6 | 19.83 | 25 |
| **Dan Newman** | 7 | 4.1 | 0 | 24 | 3 | 8 | 8.2 |
| **Alan Sylvester** | 5 | 40 | 6 | 149 | 1 | 149 | 240 |
| **David Young** | 5 | 1 | 1 | 0 | 0 | - | - |
| **Mark Taylor** | 1 | 6 | 0 | 21 | 0 | - | - |

## Season Bowling (by ave)

| Player | O | M | R | W | Ave | SR |
|:---|:---|:---|:---|:---|:---|:---|
| **Edward Garland** | 7 | 43.1 | 4 | 158 | 21 | 7.52 | 12.31 |
| **Dan Newman** | 7 | 4.1 | 0 | 24 | 3 | 8 | 8.2 |
| **Mark Gardiner** | 5 | 15 | 2 | 56 | 6 | 9.33 | 15 |
| **Richard Olver** | 7 | 53 | 18 | 110 | 11 | 10 | 28.90 |
| **Richard Beswick** | 12 | 101.3 | 21 | 254 | 18 | 14.11 | 33.77 |
| **Jerry Wright** | 13 | 100.3 | 23 | 260 | 18 | 14.44 | 33.43 |
| **Tony Purves** | 3 | 25 | 2 | 119 | 6 | 19.83 | 25 |
| **Andrew Gallagher** | 10 | 32.4 | 2 | 162 | 8 | 20.25 | 24.3 |
| **William Calvert** | 10 | 31 | 4 | 142 | 7 | 20.28 | 26.57 |
| **Alan Sylvester** | 5 | 40 | 6 | 149 | 1 | 149 | 240 |
| **Mark Taylor** | 1 | 6 | 0 | 21 | 0 | - | - |

## Career Bowling

| Player | Mat | O | M | R | W | Ave | SR |
|:---|:---|:---|:---|:---|:---|:---| 
| **Jerry Wright** | 67 | 504.4 | 86 | 1591 | 97 | 16.40 | 31.22 |
| **Richard Beswick** | 65 | 309.2 | 63 | 946 | 65 | 14.55 | 28.55 |
| **Alan Sylvester** | 41 | 314 | 58 | 1148 | 59 | 19.46 | 31.93 |
| **Mark Kirwan** | 31 | 273.3 | 49 | 923 | 56 | 16.48 | 29.30 |
| **William Calvert** | 64 | 249.2 | 37 | 1021 | 52 | 19.63 | 28.77 |
| **Tony Purves** | 18 | 112.2 | 14 | 488 | 36 | 13.56 | 18.72 |
| **Edward Garland** | 14 | 87.4 | 14 | 310 | 32 | 9.69 | 16.44 |
| **Mark Gardiner** | 37 | 94 | 9 | 355 | 25 | 14.20 | 22.56 |
| **Richard Olver** | 16 | 130 | 42 | 304 | 24 | 12.67 | 32.50 |
| **Andrew Gallagher** | 53 | 76.4 | 7 | 385 | 20 | 19.25 | 23.00 |

## Career Bowling (by ave)

| Player | Mat | O | M | R | W | Ave | SR |
|:---|:---|:---|:---|:---|:---|:---| 
| **Edward Garland** | 14 | 87.4 | 14 | 310 | 32 | 9.69 | 16.44 |
| **Richard Olver** | 16 | 130 | 42 | 304 | 24 | 12.67 | 32.50 |
| **Tony Purves** | 18 | 112.2 | 14 | 488 | 36 | 13.56 | 18.72 |
| **Mark Gardiner** | 37 | 94 | 9 | 355 | 25 | 14.20 | 22.56 |
| **Richard Beswick** | 65 | 309.2 | 63 | 946 | 65 | 14.55 | 28.55 |
| **Jerry Wright** | 67 | 504.4 | 86 | 1591 | 97 | 16.40 | 31.22 |
| **Mark Kirwan** | 31 | 273.3 | 49 | 923 | 56 | 16.48 | 29.30 |
| **Andrew Gallagher** | 53 | 76.4 | 7 | 385 | 20 | 19.25 | 23.00 |
| **Alan Sylvester** | 41 | 314 | 58 | 1148 | 59 | 19.46 | 31.93 |
| **William Calvert** | 64 | 249.2 | 37 | 1021 | 52 | 19.63 | 28.77 |
