---
layout: default
title: 1987 Statistics
nav_order: 55
parent: Statistics
---

{{page.title}}

## Season Batting

| Player | M | Inns | No | Runs | Ave |
|:---|:---|:---|:---|:---|:---|
| **Jim Grant** | 13 | 13 | 1 | 313 | 26.08 |
| **Andrew Gallagher** | 10 | 10 | 0 | 221 | 22.1 |
| **Mark Taylor** | 4 | 4 | 1 | 137 | 45.67 |
| **John Packenham-Walsh** | 4 | 4 | 1 | 110 | 36.67 |
| **William Calvert** | 10 | 9 | 2 | 108 | 15.43 |
| **Richard Beswick** | 12 | 10 | 1 | 101 | 11.22 |
| **Edward Garland** | 7 | 6 | 0 | 71 | 11.83 |
| **Tony Purves** | 3 | 3 | 1 | 53 | 26.5 |
| **Dan Newman** | 7 | 5 | 0 | 40 | 8 |
| **Alan Sylvester** | 5 | 3 | 2 | 33 | 33 |
| **David Young** | 5 | 5 | 2 | 32 | 10.67 |
| **Jerry Wright** | 13 | 6 | 1 | 27 | 5.4 |
| **Mark Gardiner** | 5 | 4 | 0 | 25 | 6.25 |
| **Jonathan Binder** | 5 | 5 | 0 | 25 | 5 |
| **Richard Olver** | 7 | 5 | 4 | 11 | 11 |
| **Steve Maynard** | 3 | 3 | 0 | 6 | 2 |
| **Gerald Wright** | 2 | 1 | 1 | 0 | - |

## Season Batting (by ave)

| Player | M | Inns | No | Runs | Ave |
|:---|:---|:---|:---|:---|:---|
| **Mark Taylor** | 4 | 4 | 1 | 137 | 45.66 |
| **John Packenham-Walsh** | 4 | 4 | 1 | 110 | 36.67 |
| **Alan Sylvester** | 5 | 3 | 2 | 33 | 33 |
| **Tony Purves** | 3 | 3 | 1 | 53 | 26.5 |
| **Jim Grant** | 13 | 13 | 1 | 313 | 26.08 |
| **Andrew Gallagher** | 10 | 10 | 0 | 221 | 22.1 |
| **William Calvert** | 10 | 9 | 2 | 108 | 15.43 |
| **Edward Garland** | 7 | 6 | 0 | 71 | 11.83 |
| **Richard Beswick** | 12 | 10 | 1 | 101 | 11.22 |
| **Richard Olver** | 7 | 5 | 4 | 11 | 11 |
| **David Young** | 5 | 5 | 2 | 32 | 10.67 |
| **Dan Newman** | 7 | 5 | 0 | 40 | 8 |
| **Mark Gardiner** | 5 | 4 | 0 | 25 | 6.25 |
| **Jerry Wright** | 13 | 6 | 1 | 27 | 5.4 |
| **Jonathan Binder** | 5 | 5 | 0 | 25 | 5 |
| **Steve Maynard** | 3 | 3 | 0 | 6 | 2 |
| **Gerald Wright** | 2 | 1 | 1 | 0 | - |

## Season Bowling

| Player | O | M | R | W | Ave | SR |
|:---|:---|:---|:---|:---|:---|:---|
| **Edward Garland** | 7 | 43.1 | 4 | 158 | 21 | 7.52 | 12.31 |
| **Richard Beswick** | 12 | 101.3 | 21 | 254 | 18 | 14.11 | 33.76 |
| **Jerry Wright** | 13 | 100.3 | 23 | 260 | 18 | 14.44 | 33.43 |
| **Richard Olver** | 7 | 53 | 18 | 110 | 11 | 10 | 28.90 |
| **Andrew Gallagher** | 10 | 32.4 | 2 | 162 | 8 | 20.25 | 24.3 |
| **William Calvert** | 10 | 31 | 4 | 142 | 7 | 20.28 | 26.57 |
| **Mark Gardiner** | 5 | 15 | 2 | 56 | 6 | 9.33 | 15 |
| **Tony Purves** | 3 | 25 | 2 | 119 | 6 | 19.83 | 25 |
| **Dan Newman** | 7 | 4.1 | 0 | 24 | 3 | 8 | 8.2 |
| **Alan Sylvester** | 5 | 40 | 6 | 149 | 1 | 149 | 240 |
| **David Young** | 5 | 1 | 1 | 0 | 0 | - | - |
| **Mark Taylor** | 1 | 6 | 0 | 21 | 0 | - | - |

## Season Bowling (by ave)

| Player | O | M | R | W | Ave | SR |
|:---|:---|:---|:---|:---|:---|:---|
| **Edward Garland** | 7 | 43.1 | 4 | 158 | 21 | 7.52 | 12.31 |
| **Dan Newman** | 7 | 4.1 | 0 | 24 | 3 | 8 | 8.2 |
| **Mark Gardiner** | 5 | 15 | 2 | 56 | 6 | 9.33 | 15 |
| **Richard Olver** | 7 | 53 | 18 | 110 | 11 | 10 | 28.90 |
| **Richard Beswick** | 12 | 101.3 | 21 | 254 | 18 | 14.11 | 33.77 |
| **Jerry Wright** | 13 | 100.3 | 23 | 260 | 18 | 14.44 | 33.43 |
| **Tony Purves** | 3 | 25 | 2 | 119 | 6 | 19.83 | 25 |
| **Andrew Gallagher** | 10 | 32.4 | 2 | 162 | 8 | 20.25 | 24.3 |
| **William Calvert** | 10 | 31 | 4 | 142 | 7 | 20.28 | 26.57 |
| **Alan Sylvester** | 5 | 40 | 6 | 149 | 1 | 149 | 240 |
| **Mark Taylor** | 1 | 6 | 0 | 21 | 0 | - | - |

## Career Batting

| Player | M | Inns | No | Runs | Ave |
|:---|:---|:---|:---|:---|:---|
| **Andrew Gallagher** | 54 | 52 | 2 | 1241 | 24.82 |
| **Jim Grant** | 72 | 66 | 10 | 985 | 17.59 |
| **William Calvert** | 65 | 59 | 9 | 874 | 17.48 |
| **Richard Beswick** | 65 | 58 | 10 | 749 | 15.60 |
| **Tony Purves** | 18 | 16 | 5 | 459 | 41.73 |
| **Stuart Watson** | 14 | 14 | 4 | 370 | 37.00 |
| **Alan Sylvester** | 42 | 26 | 13 | 315 | 24.23 |
| **John Packenham-Walsh** | 11 | 9 | 2 | 261 | 37.29 |
| **James Booth** | 9 | 9 | 1 | 235 | 29.38 |
| **Mark Kirwan** | 32 | 21 | 4 | 213 | 12.53 |
| **David Young** | 37 | 28 | 9 | 203 | 10.68 |
| **Mark Gardiner** | 37 | 29 | 2 | 194 | 7.19 |
| **Mark Taylor** | 5 | 5 | 1 | 190 | 47.50 |
| **Jerry Wright** | 68 | 36 | 7 | 178 | 6.14 |
| **Andrew Fielding** | 16 | 14 | 2 | 176 | 14.67 |
| **David Mundy** | 14 | 13 | 0 | 168 | 12.92 |
| **Robin Emanuel** | 11 | 10 | 2 | 160 | 20.00 |
| **Will Wright** | 8 | 7 | 1 | 152 | 25.33 |
| **Dan Newman** | 32 | 25 | 2 | 138 | 6.00 |
| **Edward Garland** | 14 | 11 | 2 | 104 | 11.56 |
| **Phil Gault** | 1 | 1 | 0 | 91 | 91.00 |
| **Jonathan Binder** | 9 | 9 | 0 | 87 | 9.67 |
| **Mark Lawrence** | 3 | 3 | 1 | 71 | 35.50 |
| **Eddie Bishop** | 3 | 3 | 0 | 70 | 23.33 |
| **Tim Horsey** | 7 | 7 | 1 | 61 | 10.17 |
| **Paul Newcomb** | 2 | 2 | 0 | 59 | 29.50 |
| **Richard Olver** | 16 | 9 | 6 | 55 | 18.33 |
| **Steve Maynard** | 12 | 11 | 1 | 55 | 5.50 |
| **Pip Clothier** | 1 | 1 | 1 | 53 | ? |
| **Steve Foster** | 1 | 1 | 0 | 53 | 53.00 |
| **Edward Harcourt** | 17 | 14 | 3 | 42 | 3.82 |
| **David Challoner** | 3 | 3 | 0 | 35 | 11.67 |
| **Scott Sutherland** | 2 | 2 | 0 | 33 | 16.50 |

## Career Batting (by ave)

| Player | M | Inns | No | Runs | Ave |
|:---|:---|:---|:---|:---|:---|
| **Phil Gault** | 1 | 1 | 0 | 91 | 91.00 |
| **Steve Foster** | 1 | 1 | 0 | 53 | 53.00 |
| **Mark Taylor** | 5 | 5 | 1 | 190 | 47.50 |
| **Tony Purves** | 18 | 16 | 5 | 459 | 41.73 |
| **John Packenham-Walsh** | 11 | 9 | 2 | 261 | 37.29 |
| **Stuart Watson** | 14 | 14 | 4 | 370 | 37.00 |
| **Mark Lawrence** | 3 | 3 | 1 | 71 | 35.50 |
| **Paul Newcomb** | 2 | 2 | 0 | 59 | 29.50 |
| **James Booth** | 9 | 9 | 1 | 235 | 29.38 |
| **Will Wright** | 8 | 7 | 1 | 152 | 25.33 |
| **Andrew Gallagher** | 54 | 52 | 2 | 1241 | 24.82 |
| **Alan Sylvester** | 42 | 26 | 13 | 315 | 24.23 |
| **Eddie Bishop** | 3 | 3 | 0 | 70 | 23.33 |
| **Robin Emanuel** | 11 | 10 | 2 | 160 | 20.00 |
| **Richard Olver** | 16 | 9 | 6 | 55 | 18.33 |
| **Jim Grant** | 72 | 66 | 10 | 985 | 17.59 |
| **William Calvert** | 65 | 59 | 9 | 874 | 17.48 |
| **Scott Sutherland** | 2 | 2 | 0 | 33 | 16.50 |
| **Richard Beswick** | 65 | 58 | 10 | 749 | 15.60 |
| **Andrew Fielding** | 16 | 14 | 2 | 176 | 14.67 |
| **David Mundy** | 14 | 13 | 0 | 168 | 12.92 |
| **Mark Kirwan** | 32 | 21 | 4 | 213 | 12.53 |
| **David Challoner** | 3 | 3 | 0 | 35 | 11.67 |
| **Edward Garland** | 14 | 11 | 2 | 104 | 11.56 |
| **David Young** | 37 | 28 | 9 | 203 | 10.68 |
| **Tim Horsey** | 7 | 7 | 1 | 61 | 10.17 |
| **Jonathan Binder** | 9 | 9 | 0 | 87 | 9.67 |
| **Mark Gardiner** | 37 | 29 | 2 | 194 | 7.19 |
| **Jerry Wright** | 68 | 36 | 7 | 178 | 6.14 |
| **Dan Newman** | 32 | 25 | 2 | 138 | 6.00 |
| **Steve Maynard** | 12 | 11 | 1 | 55 | 5.50 |
| **Edward Harcourt** | 17 | 14 | 3 | 42 | 3.82 |

## Career Bowling (by wkts - min 5 wkts)

| Player | M | O | M | R | W | Ave | SR |
|:---|:---|:---|:---|:---|:---|:---|
| **Jerry Wright** | 68 | 493.7 | 87 | 1616 | 98 | 16.49 | 30.23 |
| **Richard Beswick** | 65 | 308.4 | 63 | 946 | 65 | 14.55 | 28.47 |
| **Alan Sylvester** | 42 | 318 | 58 | 1162 | 61 | 19.05 | 31.28 |
| **Mark Kirwan** | 32 | 278.3 | 49 | 949 | 58 | 16.36 | 28.79 |
| **William Calvert** | 65 | 249.2 | 37 | 1021 | 52 | 19.63 | 28.75 |
| **Tony Purves** | 18 | 111.8 | 14 | 488 | 36 | 13.56 | 18.63 |
| **Edward Garland** | 14 | 87.4 | 14 | 310 | 32 | 9.69 | 16.39 |
| **Mark Gardiner** | 37 | 94 | 9 | 355 | 25 | 14.20 | 22.56 |
| **Richard Olver** | 16 | 130 | 42 | 304 | 24 | 12.67 | 32.50 |
| **Andrew Gallagher** | 54 | 77.6 | 7 | 398 | 20 | 19.90 | 23.28 |
| **Ken Sullivan** | 4 | 27.1 | 5 | 104 | 9 | 11.56 | 18.07 |
| **Will Wright** | 8 | 26.5 | 6 | 75 | 6 | 12.50 | 26.50 |
| **Dan Newman** | 32 | 14.1 | 1 | 82 | 5 | 16.40 | 16.92 |
| **Edward Harcourt** | 17 | 18.1 | 1 | 83 | 5 | 16.60 | 21.72 |
| **Roger Scotts** | 6 | 20 | 3 | 87 | 5 | 17.40 | 24.00 |

## Career Bowling (by ave - min 5 wkts)

| Player | M | O | M | R | W | Ave | SR |
|:---|:---|:---|:---|:---|:---|:---|
| **Edward Garland** | 14 | 87.4 | 14 | 310 | 32 | 9.69 | 16.39 |
| **Ken Sullivan** | 4 | 27.1 | 5 | 104 | 9 | 11.56 | 18.07 |
| **Will Wright** | 8 | 26.5 | 6 | 75 | 6 | 12.50 | 26.50 |
| **Richard Olver** | 16 | 130 | 42 | 304 | 24 | 12.67 | 32.50 |
| **Tony Purves** | 18 | 111.8 | 14 | 488 | 36 | 13.56 | 18.63 |
| **Mark Gardiner** | 37 | 94 | 9 | 355 | 25 | 14.20 | 22.56 |
| **Richard Beswick** | 65 | 308.4 | 63 | 946 | 65 | 14.55 | 28.47 |
| **Mark Kirwan** | 32 | 278.3 | 49 | 949 | 58 | 16.36 | 28.79 |
| **Dan Newman** | 32 | 14.1 | 1 | 82 | 5 | 16.40 | 16.92 |
| **Jerry Wright** | 68 | 493.7 | 87 | 1616 | 98 | 16.49 | 30.23 |
| **Edward Harcourt** | 17 | 18.1 | 1 | 83 | 5 | 16.60 | 21.72 |
| **Roger Scotts** | 6 | 20 | 3 | 87 | 5 | 17.40 | 24.00 |
| **Alan Sylvester** | 42 | 318 | 58 | 1162 | 61 | 19.05 | 31.28 |
| **William Calvert** | 65 | 249.2 | 37 | 1021 | 52 | 19.63 | 28.75 |
| **Andrew Gallagher** | 54 | 77.6 | 7 | 398 | 20 | 19.90 | 23.28 |
