---
layout: default
title: 1989 Statistics
nav_order: 53
parent: Statistics
---

{{page.title}}

## Season Batting

| Player | M | Inns | No | Runs | Ave |
|:---|:---|:---|:---|:---|:---|
| **Martin Breddy** | 6 | 6 | 0 | 357 | 59.5 |
| **Richard Beswick** | 18 | 18 | 3 | 302 | 20.13 |
| **Jim Grant** | 12 | 12 | 0 | 249 | 20.75 |
| **William Calvert** | 16 | 16 | 4 | 249 | 20.75 |
| **Ian Marshall** | 13 | 12 | 1 | 249 | 22.63 |
| **Andrew Gallagher** | 9 | 9 | 0 | 241 | 26.77 |
| **William Chapman** | 11 | 11 | 0 | 140 | 12.72 |
| **Mark Taylor** | 4 | 4 | 0 | 116 | 29 |
| **Will Wright** | 3 | 3 | 0 | 116 | 38.66 |
| **Andrew MacFarlane** | 5 | 5 | 0 | 97 | 19.4 |
| **Edward Garland** | 8 | 3 | 1 | 65 | 32.5 |
| **Richard Olver** | 7 | 5 | 2 | 63 | 21 |
| **Simon Gardiner** | 1 | 1 | 0 | 59 | 59 |
| **Mark Gardiner** | 10 | 8 | 1 | 56 | 8 |
| **Steven Hornsby** | 4 | 4 | 0 | 55 | 13.75 |
| **Sebastian Lazell** | 2 | 2 | 0 | 55 | 27.5 |
| **Jan Skalbeck** | 2 | 2 | 0 | 48 | 24 |
| **Phil Bentley** | 4 | 4 | 0 | 44 | 11 |
| **Richard Earney** | 5 | 5 | 2 | 42 | 14 |
| **Graeme Wright** | 9 | 7 | 4 | 41 | 13.66 |
| **Bob Colethorpe** | 1 | 1 | 1 | 38 | - |
| **Jack Mizel** | 3 | 2 | 0 | 34 | 17 |
| **Andrew Fielding** | 6 | 5 | 0 | 33 | 6.6 |
| **David Young** | 9 | 6 | 1 | 33 | 6.6 |
| **Dan Newman** | 8 | 7 | 2 | 30 | 6 |
| **David Heslam** | 1 | 1 | 0 | 30 | 30 |
| **Jerry Wright** | 10 | 5 | 3 | 18 | 9 |
| **Paul Fincham** | 2 | 2 | 0 | 18 | 9 |
| **Tim Horsey** | 3 | 3 | 1 | 16 | 8 |
| **Simon Hattersley** | 1 | 1 | 0 | 12 | 12 |
| **Simon Barrowcliff** | 1 | 1 | 0 | 8 | 8 |
| **S.Griffiths** | 1 | 1 | 1 | 6 | - |
| **Ron Weir** | 2 | 2 | 0 | 4 | 2 |
| **David Mundy** | 2 | 2 | 0 | 3 | 1.5 |
| **Edward Harcourt** | 1 | 1 | 0 | 1 | 1 |
| **Monson** | 1 | 1 | 0 | 0 | 0 |
| **A. Walter** | 1 | 1 | 0 | 0 | 0 |
| **David Jones** | 1 | 1 | 0 | 0 | 0 |
| **Mark Hickman** | 1 | 1 | 1 | 0 | - |

## Season Batting (by ave)

| Player | M | Inns | No | Runs | Ave |
|:---|:---|:---|:---|:---|:---|
| **Martin Breddy** | 6 | 6 | 0 | 357 | 59.5 |
| **Simon Gardiner** | 1 | 1 | 0 | 59 | 59 |
| **Will Wright** | 3 | 3 | 0 | 116 | 38.66 |
| **Edward Garland** | 8 | 3 | 1 | 65 | 32.5 |
| **David Heslam** | 1 | 1 | 0 | 30 | 30 |
| **Mark Taylor** | 4 | 4 | 0 | 116 | 29 |
| **Sebastian Lazell** | 2 | 2 | 0 | 55 | 27.5 |
| **Andrew Gallagher** | 9 | 9 | 0 | 241 | 26.77 |
| **Jan Skalbeck** | 2 | 2 | 0 | 48 | 24 |
| **Ian Marshall** | 13 | 12 | 1 | 249 | 22.63 |
| **Richard Olver** | 7 | 5 | 2 | 63 | 21 |
| **Jim Grant** | 12 | 12 | 0 | 249 | 20.75 |
| **William Calvert** | 16 | 16 | 4 | 249 | 20.75 |
| **Richard Beswick** | 18 | 18 | 3 | 302 | 20.13 |
| **Andrew MacFarlane** | 5 | 5 | 0 | 97 | 19.4 |
| **Jack Mizel** | 3 | 2 | 0 | 34 | 17 |
| **Richard Earney** | 5 | 5 | 2 | 42 | 14 |
| **Steven Hornsby** | 4 | 4 | 0 | 55 | 13.75 |
| **Graeme Wright** | 9 | 7 | 4 | 41 | 13.66 |
| **William Chapman** | 11 | 11 | 0 | 140 | 12.72 |
| **Simon Hattersley** | 1 | 1 | 0 | 12 | 12 |
| **Phil Bentley** | 4 | 4 | 0 | 44 | 11 |
| **Jerry Wright** | 10 | 5 | 3 | 18 | 9 |
| **Paul Fincham** | 2 | 2 | 0 | 18 | 9 |
| **Mark Gardiner** | 10 | 8 | 1 | 56 | 8 |
| **Tim Horsey** | 3 | 3 | 1 | 16 | 8 |
| **Simon Barrowcliff** | 1 | 1 | 0 | 8 | 8 |
| **Andrew Fielding** | 6 | 5 | 0 | 33 | 6.6 |
| **David Young** | 9 | 6 | 1 | 33 | 6.6 |
| **Dan Newman** | 8 | 7 | 2 | 30 | 6 |
| **Ron Weir** | 2 | 2 | 0 | 4 | 2 |
| **David Mundy** | 2 | 2 | 0 | 3 | 1.5 |
| **Edward Harcourt** | 1 | 1 | 0 | 1 | 1 |
| **Monson** | 1 | 1 | 0 | 0 | 0 |
| **A. Walter** | 1 | 1 | 0 | 0 | 0 |
| **David Jones** | 1 | 1 | 0 | 0 | 0 |
| **S.Griffiths** | 1 | 1 | 1 | 6 | - |
| **Bob Colethorpe** | 1 | 1 | 1 | 38 | - |
| **Mark Hickman** | 1 | 1 | 1 | 0 | - |

## Season Bowling

| Player | O | M | R | W | Ave | SR |
|:---|:---|:---|:---|:---|:---|:---|
| **Richard Beswick** | 18 | 18 | 25 | 497 | 30 | 16.56 | 28.74 |
| **Ian Marshall** | 13 | 12 | 28 | 331 | 15 | 22.06 | 44.6 |
| **Edward Garland** | 8 | 3 | 2 | 220 | 12 | 18.33 | 23 |
| **William Calvert** | 16 | 16 | 6 | 281 | 10 | 28.1 | 37.2 |
| **Richard Olver** | 7 | 5 | 10 | 130 | 10 | 13 | 28.2 |
| **Graeme Wright** | 9 | 7 | 10 | 189 | 8 | 23.625 | 43.5 |
| **Phil Bentley** | 4 | 4 | 10 | 108 | 7 | 15.42 | 37.71 |
| **Andrew MacFarlane** | 5 | 5 | 5 | 156 | 7 | 22.28 | 36.25 |
| **Jerry Wright** | 10 | 5 | 13 | 224 | 6 | 37.33 | 62 |
| **Steven Hornsby** | 4 | 4 | 3 | 73 | 6 | 12.16 | 20 |
| **Jack Mizel** | 3 | 2 | 3 | 81 | 5 | 16.2 | 22.92 |
| **Mark Taylor** | 4 | 4 | 11 | 78 | 3 | 26 | 56 |
| **Mark Gardiner** | 10 | 8 | 0 | 78 | 3 | 26 | 32 |
| **Richard Earney** | 5 | 5 | 2 | 122 | 3 | 40.66 | 42.8 |
| **Andrew Gallagher** | 9 | 9 | 2 | 72 | 1 | 72 | 90 |
| **Sebastian Lazell** | 2 | 2 | 2 | 37 | 1 | 37 | 72 |
| **William Chapman** | 11 | 11 | 0 | 48 | 0 | - | - |
| **Will Wright** | 3 | 3 | 0 | 6 | 0 | - | - |
| **S.Griffiths** | 1 | 1 | 0 | 9 | 0 | - | - |
| **David Jones** | 1 | 1 | 1 | 14 | 0 | - | - |
| **Mark Hickman** | 1 | 1 | 0 | 37 | 0 | - | - |
| **Jan Skalbeck** | 2 | 2 | 2 | 24 | 0 | - | - |

## Season Bowling (by ave)

| Player | O | M | R | W | Ave | SR |
|:---|:---|:---|:---|:---|:---|:---|
| **Steven Hornsby** | 4 | 4 | 3 | 73 | 6 | 12.16 | 20 |
| **Richard Olver** | 7 | 5 | 10 | 130 | 10 | 13 | 28.2 |
| **Phil Bentley** | 4 | 4 | 10 | 108 | 7 | 15.42 | 37.71 |
| **Jack Mizel** | 3 | 2 | 3 | 81 | 5 | 16.2 | 22.92 |
| **Richard Beswick** | 18 | 18 | 25 | 497 | 30 | 16.56 | 28.74 |
| **Edward Garland** | 8 | 3 | 2 | 220 | 12 | 18.33 | 23 |
| **Ian Marshall** | 13 | 12 | 28 | 331 | 15 | 22.06 | 44.6 |
| **Andrew MacFarlane** | 5 | 5 | 5 | 156 | 7 | 22.28 | 36.25 |
| **Graeme Wright** | 9 | 7 | 10 | 189 | 8 | 23.625 | 43.5 |
| **Mark Taylor** | 4 | 4 | 11 | 78 | 3 | 26 | 56 |
| **Mark Gardiner** | 10 | 8 | 0 | 78 | 3 | 26 | 32 |
| **William Calvert** | 16 | 16 | 6 | 281 | 10 | 28.1 | 37.2 |
| **Sebastian Lazell** | 2 | 2 | 2 | 37 | 1 | 37 | 72 |
| **Jerry Wright** | 10 | 5 | 13 | 224 | 6 | 37.33 | 62 |
| **Richard Earney** | 5 | 5 | 2 | 122 | 3 | 40.66 | 42.8 |
| **Andrew Gallagher** | 9 | 9 | 2 | 72 | 1 | 72 | 90 |

## Career Batting

| Player | M | Inns | No | Runs | Ave |
|:---|:---|:---|:---|:---|:---|
| **Andrew Gallagher** | 76 | 73 | 3 | 1940 | 27.71 |
| **Jim Grant** | 97 | 91 | 10 | 1409 | 17.40 |
| **William Calvert** | 95 | 88 | 14 | 1334 | 18.03 |
| **Richard Beswick** | 99 | 92 | 15 | 1243 | 16.14 |
| **Martin Breddy** | 14 | 14 | 0 | 550 | 39.29 |
| **Tony Purves** | 18 | 16 | 5 | 459 | 41.73 |
| **Mark Taylor** | 12 | 12 | 2 | 410 | 41.00 |
| **Stuart Watson** | 14 | 14 | 4 | 370 | 37.00 |
| **Alan Sylvester** | 44 | 28 | 14 | 326 | 23.29 |
| **William Chapman** | 20 | 20 | 2 | 317 | 17.61 |
| **Mark Gardiner** | 56 | 43 | 3 | 304 | 7.60 |
| **Will Wright** | 13 | 12 | 1 | 299 | 27.18 |
| **Phil Bentley** | 8 | 8 | 1 | 275 | 39.29 |
| **Andrew Fielding** | 27 | 24 | 2 | 261 | 11.86 |
| **John Packenham-Walsh** | 11 | 9 | 2 | 261 | 37.29 |
| **Ian Marshall** | 13 | 12 | 1 | 249 | 22.64 |
| **David Young** | 53 | 37 | 11 | 244 | 9.38 |
| **Andrew MacFarlane** | 13 | 12 | 0 | 241 | 20.08 |
| **James Booth** | 9 | 9 | 1 | 235 | 29.38 |
| **Jerry Wright** | 94 | 47 | 13 | 214 | 6.29 |
| **Mark Kirwan** | 33 | 21 | 4 | 213 | 12.53 |
| **Edward Garland** | 25 | 17 | 4 | 200 | 15.38 |
| **Richard Olver** | 34 | 20 | 10 | 183 | 18.30 |
| **Dan Newman** | 46 | 37 | 4 | 179 | 5.42 |
| **David Mundy** | 16 | 15 | 0 | 171 | 11.40 |
| **Robin Emanuel** | 11 | 10 | 2 | 160 | 20.00 |

## Career Batting (by ave)

| Player | M | Inns | No | Runs | Ave |
|:---|:---|:---|:---|:---|:---|
| **Tony Purves** | 18 | 16 | 5 | 459 | 41.73 |
| **Mark Taylor** | 12 | 12 | 2 | 410 | 41.00 |
| **Martin Breddy** | 14 | 14 | 0 | 550 | 39.29 |
| **Phil Bentley** | 8 | 8 | 1 | 275 | 39.29 |
| **John Packenham-Walsh** | 11 | 9 | 2 | 261 | 37.29 |
| **Stuart Watson** | 14 | 14 | 4 | 370 | 37.00 |
| **James Booth** | 9 | 9 | 1 | 235 | 29.38 |
| **Andrew Gallagher** | 76 | 73 | 3 | 1940 | 27.71 |
| **Will Wright** | 13 | 12 | 1 | 299 | 27.18 |
| **Alan Sylvester** | 44 | 28 | 14 | 326 | 23.29 |
| **Ian Marshall** | 13 | 12 | 1 | 249 | 22.64 |
| **Andrew MacFarlane** | 13 | 12 | 0 | 241 | 20.08 |
| **Robin Emanuel** | 11 | 10 | 2 | 160 | 20.00 |
| **Richard Olver** | 34 | 20 | 10 | 183 | 18.30 |
| **William Calvert** | 95 | 88 | 14 | 1334 | 18.03 |
| **William Chapman** | 20 | 20 | 2 | 317 | 17.61 |
| **Jim Grant** | 97 | 91 | 10 | 1409 | 17.40 |
| **Richard Beswick** | 99 | 92 | 15 | 1243 | 16.14 |
| **Edward Garland** | 25 | 17 | 4 | 200 | 15.38 |
| **Mark Kirwan** | 33 | 21 | 4 | 213 | 12.53 |
| **Andrew Fielding** | 27 | 24 | 2 | 261 | 11.86 |
| **David Mundy** | 16 | 15 | 0 | 171 | 11.40 |
| **David Young** | 53 | 37 | 11 | 244 | 9.38 |
| **Mark Gardiner** | 56 | 43 | 3 | 304 | 7.60 |
| **Jerry Wright** | 94 | 47 | 13 | 214 | 6.29 |
| **Dan Newman** | 46 | 37 | 4 | 179 | 5.42 |

## Career Bowling (by wkts - min 5 wkts)

| Player | M | O | M | R | W | Ave | SR |
|:---|:---|:---|:---|:---|:---|:---|
| **Jerry Wright** | 94 | 665 | 121 | 2176 | 125 | 17.41 | 31.92 |
| **Richard Beswick** | 99 | 566.1 | 108 | 1764 | 115 | 15.34 | 29.54 |
| **William Calvert** | 95 | 356.5 | 51 | 1500 | 70 | 21.43 | 30.56 |
| **Alan Sylvester** | 44 | 320 | 59 | 1166 | 62 | 18.81 | 30.97 |
| **Mark Kirwan** | 33 | 284.3 | 51 | 962 | 60 | 16.03 | 28.43 |
| **Edward Garland** | 25 | 148.4 | 17 | 636 | 47 | 13.53 | 18.94 |
| **Richard Olver** | 34 | 245 | 60 | 691 | 44 | 15.70 | 33.41 |
| **Andrew Gallagher** | 76 | 143.6 | 10 | 707 | 38 | 18.61 | 22.67 |
| **Tony Purves** | 18 | 111.8 | 14 | 488 | 36 | 13.56 | 18.63 |
| **Mark Gardiner** | 56 | 126 | 11 | 514 | 31 | 16.58 | 24.39 |
| **Andrew MacFarlane** | 13 | 129.8 | 26 | 382 | 30 | 12.73 | 25.96 |
| **Ian Marshall** | 13 | 111.5 | 28 | 331 | 15 | 22.07 | 44.60 |
| **Mark Taylor** | 8 | 64 | 15 | 216 | 13 | 16.62 | 29.54 |
| **Phil Bentley** | 8 | 64.9 | 15 | 156 | 11 | 14.18 | 35.40 |
| **William Chapman** | 20 | 31.3 | 2 | 131 | 11 | 11.91 | 17.07 |
| **Ken Sullivan** | 4 | 27.1 | 5 | 104 | 9 | 11.56 | 18.07 |
| **Graeme Wright** | 9 | 58 | 10 | 189 | 8 | 23.63 | 43.50 |
| **Roger Scotts** | 7 | 24 | 3 | 103 | 7 | 14.71 | 20.57 |
| **Steven Hornsby** | 4 | 20 | 3 | 73 | 6 | 12.17 | 20.00 |
| **Will Wright** | 13 | 27.5 | 6 | 81 | 6 | 13.50 | 27.50 |
| **Dan Newman** | 46 | 14.1 | 1 | 82 | 5 | 16.40 | 16.92 |
| **Edward Harcourt** | 19 | 18.1 | 1 | 83 | 5 | 16.60 | 21.72 |
| **Jack Mizel** | 3 | 19.1 | 3 | 81 | 5 | 16.20 | 22.92 |

## Career Bowling (by ave - min 5 wkts)

| Player | M | O | M | R | W | Ave | SR |
|:---|:---|:---|:---|:---|:---|:---|
| **Ken Sullivan** | 4 | 27.1 | 5 | 104 | 9 | 11.56 | 18.07 |
| **William Chapman** | 20 | 31.3 | 2 | 131 | 11 | 11.91 | 17.07 |
| **Steven Hornsby** | 4 | 20 | 3 | 73 | 6 | 12.17 | 20.00 |
| **Andrew MacFarlane** | 13 | 129.8 | 26 | 382 | 30 | 12.73 | 25.96 |
| **Will Wright** | 13 | 27.5 | 6 | 81 | 6 | 13.50 | 27.50 |
| **Edward Garland** | 25 | 148.4 | 17 | 636 | 47 | 13.53 | 18.94 |
| **Tony Purves** | 18 | 111.8 | 14 | 488 | 36 | 13.56 | 18.63 |
| **Phil Bentley** | 8 | 64.9 | 15 | 156 | 11 | 14.18 | 35.40 |
| **Roger Scotts** | 7 | 24 | 3 | 103 | 7 | 14.71 | 20.57 |
| **Richard Beswick** | 99 | 566.1 | 108 | 1764 | 115 | 15.34 | 29.54 |
| **Richard Olver** | 34 | 245 | 60 | 691 | 44 | 15.70 | 33.41 |
| **Mark Kirwan** | 33 | 284.3 | 51 | 962 | 60 | 16.03 | 28.43 |
| **Jack Mizel** | 3 | 19.1 | 3 | 81 | 5 | 16.20 | 22.92 |
| **Dan Newman** | 46 | 14.1 | 1 | 82 | 5 | 16.40 | 16.92 |
| **Mark Gardiner** | 56 | 126 | 11 | 514 | 31 | 16.58 | 24.39 |
| **Edward Harcourt** | 19 | 18.1 | 1 | 83 | 5 | 16.60 | 21.72 |
| **Mark Taylor** | 8 | 64 | 15 | 216 | 13 | 16.62 | 29.54 |
| **Jerry Wright** | 94 | 665 | 121 | 2176 | 125 | 17.41 | 31.92 |
| **Andrew Gallagher** | 76 | 143.6 | 10 | 707 | 38 | 18.61 | 22.67 |
| **Alan Sylvester** | 44 | 320 | 59 | 1166 | 62 | 18.81 | 30.97 |
| **William Calvert** | 95 | 356.5 | 51 | 1500 | 70 | 21.43 | 30.56 |
| **Ian Marshall** | 13 | 111.5 | 28 | 331 | 15 | 22.07 | 44.60 |
| **Graeme Wright** | 9 | 58 | 10 | 189 | 8 | 23.63 | 43.50 |
