---
layout: default
title: 1990 Statistics
nav_order: 52
parent: Statistics
---

# {{page.title}}

## Season Batting

| Player | Inns | No | Runs | Ave |
|:--|:--|:--|:--|:--|
| **Steven Hornsby** | 7 | 7 | 0 | 299 | 42.71 |
| **William Calvert** | 11 | 10 | 0 | 257 | 25.7 |
| **Ian Marshall** | 11 | 9 | 1 | 161 | 20.125 |
| **David Swann** | 5 | 5 | 1 | 152 | 38 |
| **Richard Beswick** | 14 | 12 | 2 | 148 | 14.8 |
| **Edward Garland** | 5 | 5 | 0 | 113 | 22.6 |
| **Andrew Gallagher** | 5 | 5 | 0 | 84 | 16.8 |
| **David Young** | 7 | 6 | 2 | 81 | 20.25 |
| **Mark Taylor** | 2 | 2 | 0 | 67 | 33.5 |
| **Mark Gardiner** | 7 | 6 | 3 | 55 | 18.33 |
| **Andrew MacFarlane** | 4 | 4 | 0 | 54 | 13.5 |
| **Simon Barrowcliff** | 3 | 3 | 0 | 49 | 16.33 |
| **Graeme Wright** | 9 | 6 | 2 | 47 | 11.75 |
| **Will Wright** | 4 | 4 | 0 | 43 | 10.75 |
| **Mark Kirwan** | 1 | 1 | 0 | 40 | 40 |
| **Andrew Swann** | 4 | 2 | 0 | 37 | 18.5 |
| **Richard Earney** | 7 | 6 | 1 | 32 | 6.4 |
| **Ashley Mills** | 3 | 3 | 0 | 31 | 10.33 |
| **R Howcroft** | 2 | 2 | 0 | 27 | 13.5 |
| **William Chapman** | 4 | 3 | 1 | 24 | 12 |
| **Andrew Fielding** | 5 | 5 | 0 | 23 | 4.6 |
| **Will Morrison** | 2 | 2 | 0 | 21 | 10.5 |
| **Jim Grant** | 8 | 8 | 1 | 19 | 2.71 |
| **Alan Sylvester** | 1 | 1 | 0 | 19 | 19 |
| **Chris Santer** | 2 | 2 | 0 | 16 | 8 |
| **Martin Breddy** | 1 | 1 | 0 | 15 | 15 |
| **S.Griffiths** | 2 | 1 | 0 | 11 | 11 |
| **Tom Calvert** | 1 | 1 | 1 | 11 | -- |
| **Tom Thirlwall** | 1 | 1 | 1 | 10 | -- |
| **Nigel Hopwell** | 1 | 1 | 1 | 10 | -- |
| **Richard Olver** | 4 | 4 | 1 | 8 | 2.66 |
| **Tim Horsey** | 1 | 1 | 0 | 8 | 8 |
| **Jerry Wright** | 3 | 2 | 2 | 8 | -- |
| **Jan Skalbeck** | 2 | 1 | 0 | 5 | 5 |
| **Bob Colethorpe** | 1 | 1 | 0 | 4 | 4 |
| **Martin Hetherington** | 1 | 1 | 0 | 4 | 4 |
| **Paul Fincham** | 2 | 2 | 0 | 0 | 0 |
| **Royhead** | 1 | 1 | 1 | 0 | -- |
| **Hay** | 1 | 1 | 0 | 0 | 0 |
| **Thompson** | 1 | 1 | 0 | 0 | 0 |
| **Guy Calvert** | 1 | 1 | 0 | 0 | 0 |
| **Andrew Garthwaite** | 1 | 1 | 0 | 0 | 0 |

## Season Batting (by ave)

| Player | Inns | No | Runs | Ave |
|:--|:--|:--|:--|:--|
| **Steven Hornsby** | 7 | 7 | 0 | 299 | 42.71 |
| **Mark Kirwan** | 1 | 1 | 0 | 40 | 40 |
| **David Swann** | 5 | 5 | 1 | 152 | 38 |
| **Mark Taylor** | 2 | 2 | 0 | 67 | 33.5 |
| **William Calvert** | 11 | 10 | 0 | 257 | 25.7 |
| **Edward Garland** | 5 | 5 | 0 | 113 | 22.6 |
| **David Young** | 7 | 6 | 2 | 81 | 20.25 |
| **Ian Marshall** | 11 | 9 | 1 | 161 | 20.125 |
| **Alan Sylvester** | 1 | 1 | 0 | 19 | 19 |
| **Andrew Swann** | 4 | 2 | 0 | 37 | 18.5 |
| **Mark Gardiner** | 7 | 6 | 3 | 55 | 18.33 |
| **Andrew Gallagher** | 5 | 5 | 0 | 84 | 16.8 |
| **Simon Barrowcliff** | 3 | 3 | 0 | 49 | 16.33 |
| **Martin Breddy** | 1 | 1 | 0 | 15 | 15 |
| **Richard Beswick** | 14 | 12 | 2 | 148 | 14.8 |
| **R Howcroft** | 2 | 2 | 0 | 27 | 13.5 |
| **Andrew MacFarlane** | 4 | 4 | 0 | 54 | 13.5 |
| **William Chapman** | 4 | 3 | 1 | 24 | 12 |
| **Graeme Wright** | 9 | 6 | 2 | 47 | 11.75 |
| **S.Griffiths** | 2 | 1 | 0 | 11 | 11 |
| **Will Wright** | 4 | 4 | 0 | 43 | 10.75 |
| **Will Morrison** | 2 | 2 | 0 | 21 | 10.5 |
| **Ashley Mills** | 3 | 3 | 0 | 31 | 10.33 |
| **Chris Santer** | 2 | 2 | 0 | 16 | 8 |
| **Tim Horsey** | 1 | 1 | 0 | 8 | 8 |
| **Richard Earney** | 7 | 6 | 1 | 32 | 6.4 |
| **Jan Skalbeck** | 2 | 1 | 0 | 5 | 5 |
| **Andrew Fielding** | 5 | 5 | 0 | 23 | 4.6 |
| **Bob Colethorpe** | 1 | 1 | 0 | 4 | 4 |
| **Martin Hetherington** | 1 | 1 | 0 | 4 | 4 |
| **Jim Grant** | 8 | 8 | 1 | 19 | 2.71 |
| **Richard Olver** | 4 | 4 | 1 | 8 | 2.66 |
| **Paul Fincham** | 2 | 2 | 0 | 0 | 0 |
| **Hay** | 1 | 1 | 0 | 0 | 0 |
| **Thompson** | 1 | 1 | 0 | 0 | 0 |
| **Guy Calvert** | 1 | 1 | 0 | 0 | 0 |
| **Andrew Garthwaite** | 1 | 1 | 0 | 0 | 0 |
| **Tom Thirlwall** | 1 | 1 | 1 | 10 | - |
| **Royhead** | 1 | 1 | 1 | 0 | - |
| **Nigel Hopwell** | 1 | 1 | 1 | 10 | - |
| **Jerry Wright** | 3 | 2 | 2 | 8 | - |
| **Tom Calvert** | 1 | 1 | 1 | 11 | - |

## Season Bowling

| Player | O | M | Runs | Wkts | Ave | SR |
|:--|:--|:--|:--|:--|:--|
| **Tom Thirlwall** | 1 | 13 | 1 | 18 | 5 | 3.6 | 15.6 |
| **Andrew Swann** | 4 | 41 | 16 | 83 | 9 | 9.22 | 27.33 |
| **Mark Taylor** | 2 | 18 | 4 | 33 | 3 | 11 | 36 |
| **Richard Beswick** | 14 | 85.3 | 13 | 381 | 22 | 17.31 | 23.26 |
| **Mark Kirwan** | 1 | 13 | 1 | 52 | 3 | 17.33 | 26 |
| **William Calvert** | 11 | 47 | 8 | 193 | 11 | 17.54 | 25.63 |
| **Andrew MacFarlane** | 4 | 59.4 | 11 | 188 | 10 | 18.8 | 35.64 |
| **Ian Marshall** | 11 | 112.7 | 32 | 340 | 18 | 18.88 | 37.56 |
| **Graeme Wright** | 9 | 44 | 10 | 160 | 8 | 20 | 33 |
| **Mark Gardiner** | 7 | 2 | 0 | 22 | 1 | 22 | 12 |
| **Richard Earney** | 7 | 23 | 6 | 92 | 3 | 30.66 | 46 |
| **Steven Hornsby** | 7 | 17.3 | 1 | 98 | 3 | 32.66 | 34.6 |
| **Jan Skalbeck** | 2 | 19 | 3 | 66 | 2 | 33 | 57 |
| **Jerry Wright** | 3 | 20 | 5 | 77 | 2 | 38.5 | 60 |


## Season Bowling (by ave)

| Player | O | M | Runs | Wkts | Ave | SR |
|:--|:--|:--|:--|:--|:--|
| **Tom Thirlwall** | 1 | 13 | 1 | 18 | 5 | 3.6 | 15.6 |
| **Andrew Swann** | 4 | 41 | 16 | 83 | 9 | 9.22 | 27.33 |
| **Mark Taylor** | 2 | 18 | 4 | 33 | 3 | 11 | 36 |
| **Richard Beswick** | 14 | 85.3 | 13 | 381 | 22 | 17.31 | 23.26 |
| **Mark Kirwan** | 1 | 13 | 1 | 52 | 3 | 17.33 | 26 |
| **William Calvert** | 11 | 47 | 8 | 193 | 11 | 17.54 | 25.63 |
| **Andrew MacFarlane** | 4 | 59.4 | 11 | 188 | 10 | 18.8 | 35.64 |
| **Ian Marshall** | 11 | 112.7 | 32 | 340 | 18 | 18.89 | 37.56 |
| **Graeme Wright** | 9 | 44 | 10 | 160 | 8 | 20 | 33 |
| **Mark Gardiner** | 7 | 2 | 0 | 22 | 1 | 22 | 12 |
| **Richard Earney** | 7 | 23 | 6 | 92 | 3 | 30.66 | 46 |
| **Steven Hornsby** | 7 | 17.3 | 1 | 98 | 3 | 32.66 | 34.6 |
| **Jan Skalbeck** | 2 | 19 | 3 | 66 | 2 | 33 | 57 |
| **Jerry Wright** | 3 | 20 | 5 | 77 | 2 | 38.5 | 60 |

## Career Batting

| Player | M | Inns | NOs | Runs | Ave |
|:---|:---|:---|:---|:---|:---|
| **Andrew Gallagher** | 81 | 78 | 3 | 2024 | 26.99 |
| **William Calvert** | 106 | 98 | 14 | 1591 | 18.94 |
| **Jim Grant** | 105 | 99 | 11 | 1428 | 16.23 |
| **Richard Beswick** | 113 | 104 | 17 | 1391 | 15.99 |
| **Martin Breddy** | 15 | 15 | 0 | 565 | 37.67 |
| **Mark Taylor** | 14 | 14 | 2 | 477 | 39.75 |
| **Tony Purves** | 18 | 16 | 5 | 459 | 41.73 |
| **Ian Marshall** | 24 | 21 | 2 | 410 | 21.58 |
| **Stuart Watson** | 14 | 14 | 4 | 370 | 37.00 |
| **Mark Gardiner** | 63 | 49 | 6 | 359 | 8.35 |
| **Steven Hornsby** | 11 | 11 | 0 | 354 | 32.18 |
| **Alan Sylvester** | 45 | 29 | 14 | 345 | 23.00 |
| **Will Wright** | 17 | 16 | 1 | 342 | 22.80 |
| **William Chapman** | 24 | 23 | 3 | 341 | 17.05 |
| **David Young** | 60 | 43 | 13 | 325 | 10.83 |
| **Edward Garland** | 30 | 22 | 4 | 313 | 17.39 |
| **Andrew MacFarlane** | 17 | 16 | 0 | 295 | 18.44 |
| **Andrew Fielding** | 32 | 29 | 2 | 284 | 10.52 |
| **Phil Bentley** | 8 | 8 | 1 | 275 | 39.29 |
| **John Packenham-Walsh** | 11 | 9 | 2 | 261 | 37.29 |
| **Mark Kirwan** | 34 | 22 | 4 | 253 | 14.06 |
| **James Booth** | 9 | 9 | 1 | 235 | 29.38 |
| **Jerry Wright** | 97 | 49 | 15 | 222 | 6.53 |
| **Richard Olver** | 38 | 24 | 11 | 191 | 14.69 |
| **Dan Newman** | 46 | 37 | 4 | 179 | 5.42 |
| **David Mundy** | 16 | 15 | 0 | 171 | 11.40 |
| **Robin Emanuel** | 11 | 10 | 2 | 160 | 20.00 |
| **David Swann** | 5 | 5 | 1 | 152 | 38.00 |
| **Tim Horsey** | 14 | 14 | 2 | 105 | 8.75 |

## Career Batting (by ave)

| Player | M | Inns | NOs | Runs | Ave |
|:---|:---|:---|:---|:---|:---|
| **Tony Purves** | 18 | 16 | 5 | 459 | 41.73 |
| **Mark Taylor** | 14 | 14 | 2 | 477 | 39.75 |
| **Phil Bentley** | 8 | 8 | 1 | 275 | 39.29 |
| **David Swann** | 5 | 5 | 1 | 152 | 38.00 |
| **Martin Breddy** | 15 | 15 | 0 | 565 | 37.67 |
| **John Packenham-Walsh** | 11 | 9 | 2 | 261 | 37.29 |
| **Stuart Watson** | 14 | 14 | 4 | 370 | 37.00 |
| **Steven Hornsby** | 11 | 11 | 0 | 354 | 32.18 |
| **James Booth** | 9 | 9 | 1 | 235 | 29.38 |
| **Andrew Gallagher** | 81 | 78 | 3 | 2024 | 26.99 |
| **Alan Sylvester** | 45 | 29 | 14 | 345 | 23.00 |
| **Will Wright** | 17 | 16 | 1 | 342 | 22.80 |
| **Ian Marshall** | 24 | 21 | 2 | 410 | 21.58 |
| **Robin Emanuel** | 11 | 10 | 2 | 160 | 20.00 |
| **William Calvert** | 106 | 98 | 14 | 1591 | 18.94 |
| **Andrew MacFarlane** | 17 | 16 | 0 | 295 | 18.44 |
| **Edward Garland** | 30 | 22 | 4 | 313 | 17.39 |
| **William Chapman** | 24 | 23 | 3 | 341 | 17.05 |
| **Jim Grant** | 105 | 99 | 11 | 1428 | 16.23 |
| **Richard Beswick** | 113 | 104 | 17 | 1391 | 15.99 |
| **Richard Olver** | 38 | 24 | 11 | 191 | 14.69 |
| **Mark Kirwan** | 34 | 22 | 4 | 253 | 14.06 |
| **David Mundy** | 16 | 15 | 0 | 171 | 11.40 |
| **David Young** | 60 | 43 | 13 | 325 | 10.83 |
| **Andrew Fielding** | 32 | 29 | 2 | 284 | 10.52 |
| **Tim Horsey** | 14 | 14 | 2 | 105 | 8.75 |
| **Mark Gardiner** | 63 | 49 | 6 | 359 | 8.35 |
| **Jerry Wright** | 97 | 49 | 15 | 222 | 6.53 |
| **Dan Newman** | 46 | 37 | 4 | 179 | 5.42 |

## Career Bowling

| Player | M | O | M | R | W | Ave | SR |
|:---|:---|:---|:---|:---|:---|:---|:---|
| **Richard Beswick** | 113 | 651.4 | 121 | 2145 | 137 | 15.66 | 28.53 |
| **Jerry Wright** | 97 | 685 | 126 | 2253 | 127 | 17.74 | 32.36 |
| **William Calvert** | 106 | 403.5 | 59 | 1693 | 81 | 20.90 | 29.89 |
| **Mark Kirwan** | 34 | 297.3 | 52 | 1014 | 63 | 16.10 | 28.31 |
| **Alan Sylvester** | 45 | 320 | 59 | 1166 | 62 | 18.81 | 30.97 |
| **Edward Garland** | 30 | 166.4 | 17 | 780 | 47 | 16.60 | 21.24 |
| **Richard Olver** | 38 | 264 | 63 | 785 | 44 | 17.84 | 36.00 |
| **Andrew MacFarlane** | 17 | 189.2 | 37 | 570 | 40 | 14.25 | 28.38 |
| **Andrew Gallagher** | 81 | 146.6 | 11 | 722 | 38 | 19.00 | 23.15 |
| **Tony Purves** | 18 | 111.8 | 14 | 488 | 36 | 13.56 | 18.63 |
| **Ian Marshall** | 24 | 224.2 | 60 | 671 | 33 | 20.33 | 40.76 |
| **Mark Gardiner** | 63 | 128 | 11 | 536 | 32 | 16.75 | 24.00 |
| **Graeme Wright** | 18 | 102 | 20 | 349 | 16 | 21.81 | 38.25 |
| **Mark Taylor** | 10 | 82 | 19 | 249 | 16 | 15.56 | 30.75 |
| **Phil Bentley** | 8 | 64.9 | 15 | 156 | 11 | 14.18 | 35.40 |
| **William Chapman** | 24 | 31.3 | 2 | 131 | 11 | 11.91 | 17.07 |
| **Steven Hornsby** | 11 | 37.3 | 4 | 171 | 9 | 19.00 | 24.87 |
| **Roger Scotts** | 7 | 24 | 3 | 103 | 7 | 14.71 | 20.57 |
| **Richard Earney** | 12 | 44.4 | 8 | 214 | 6 | 35.67 | 44.40 |
| **Will Wright** | 17 | 33.5 | 7 | 108 | 6 | 18.00 | 33.50 |
| **Dan Newman** | 46 | 14.1 | 1 | 82 | 5 | 16.40 | 16.92 |
| **Edward Harcourt** | 19 | 18.1 | 1 | 83 | 5 | 16.60 | 21.72 |

## Career Bowling (by ave)

| Player | M | O | M | R | W | Ave | SR |
|:---|:---|:---|:---|:---|:---|:---|:---|
| **William Chapman** | 24 | 31.3 | 2 | 131 | 11 | 11.91 | 17.07 |
| **Tony Purves** | 18 | 111.8 | 14 | 488 | 36 | 13.56 | 18.63 |
| **Phil Bentley** | 8 | 64.9 | 15 | 156 | 11 | 14.18 | 35.40 |
| **Andrew MacFarlane** | 17 | 189.2 | 37 | 570 | 40 | 14.25 | 28.38 |
| **Roger Scotts** | 7 | 24 | 3 | 103 | 7 | 14.71 | 20.57 |
| **Mark Taylor** | 10 | 82 | 19 | 249 | 16 | 15.56 | 30.75 |
| **Richard Beswick** | 113 | 651.4 | 121 | 2145 | 137 | 15.66 | 28.53 |
| **Mark Kirwan** | 34 | 297.3 | 52 | 1014 | 63 | 16.10 | 28.31 |
| **Dan Newman** | 46 | 14.1 | 1 | 82 | 5 | 16.40 | 16.92 |
| **Edward Garland** | 30 | 166.4 | 17 | 780 | 47 | 16.60 | 21.24 |
| **Edward Harcourt** | 19 | 18.1 | 1 | 83 | 5 | 16.60 | 21.72 |
| **Mark Gardiner** | 63 | 128 | 11 | 536 | 32 | 16.75 | 24.00 |
| **Jerry Wright** | 97 | 685 | 126 | 2253 | 127 | 17.74 | 32.36 |
| **Richard Olver** | 38 | 264 | 63 | 785 | 44 | 17.84 | 36.00 |
| **Will Wright** | 17 | 33.5 | 7 | 108 | 6 | 18.00 | 33.50 |
| **Alan Sylvester** | 45 | 320 | 59 | 1166 | 62 | 18.81 | 30.97 |
| **Andrew Gallagher** | 81 | 146.6 | 11 | 722 | 38 | 19.00 | 23.15 |
| **Steven Hornsby** | 11 | 37.3 | 4 | 171 | 9 | 19.00 | 24.87 |
| **Ian Marshall** | 24 | 224.2 | 60 | 671 | 33 | 20.33 | 40.76 |
| **William Calvert** | 106 | 403.5 | 59 | 1693 | 81 | 20.90 | 29.89 |
| **Graeme Wright** | 18 | 102 | 20 | 349 | 16 | 21.81 | 38.25 |
| **Richard Earney** | 12 | 44.4 | 8 | 214 | 6 | 35.67 | 44.40 |
