---
layout: default
title: 1993 Statistics
nav_order: 49
parent: Statistics
---

# {{page.title}}

(Career Qualification 200 runs; 20 wkts)

<details open markdown="block">
  {: .text-delta }
1. TOC
{:toc}
</details>

Steven Hornsby and Ian Marshall: 1000 runs<br />
Andrew Gallagher: 2000 runs

## Season Batting

| Player | Inns | No | Runs | Ave |
|:--|:--|:--|:--|:--|
| **Simon Barrowcliff** | 7 | 1 | 304 | 50.66 |
| **Steven Hornsby** | 6 | 0 | 257 | 42.83 |
| **Ian Marshall** | 5 | 1 | 147 | 36.75 |
| **Richard Earney** | 7 | 0 | 140 | 20 |
| **Richard Beswick** | 9 | 1 | 113 | 14.12 |
| **John Stimpfig** | 4 | 1 | 89 | 29.66 |
| **William Calvert** | 5 | 3 | 68 | 34 |
| **Will Wright** | 1 | 0 | 53 | 53 |
| **Richard Olver** | 2 | 1 | 49 | 49 |
| **Simon Gardiner** | 1 | 0 | 33 | 33 |
| **Alan Sylvester** | 1 | 1 | 20 | - |
| **Jim Grant** | 3 | 0 | 19 | 6.33 |
| **Edward Garland** | 2 | 1 | 15 | 15 |
| **Andrew MacFarlane** | 4 | 0 | 11 | 2.75 |
| **John Cunningham-Rolls** | 1 | 1 | 11 | - |
| **Mark Kirwan** | 2 | 0 | 11 | 5.5 |
| **Graeme Wright** | 3 | 2 | 9 | 9 |
| **Bob Colethorpe** | 1 | 0 | 9 | 9 |
| **Edward Harcourt** | 3 | 0 | 8 | 2.66 |
| **Tim Horsey** | 3 | 1 | 5 | 2.5 |
| **Mark Gardiner** | 1 | 0 | 5 | 5 |
| **David Young** | 1 | 1 | 3 | - |
| **Andrew Fielding** | 2 | 0 | 1 | .5 |
| **Pete Grant** | 1 | 0 | 1 | 1 |
| **Duncan Ferguson** | 3 | 1 | 0 | 0 |
| **J. Bristow** | 1 | 0 | 0 | 0 |
| **Jerry Wright** | 0 | 0 | 0 | - |
| **Mark Hyde** | 1 | 0 | 0 | 0 |

## Season Batting (by ave)

| Player | Inns | No | Runs | Ave |
|:--|:--|:--|:--|:--|
| **Will Wright** | 1 | 0 | 53 | 53 |
| **Simon Barrowcliff** | 7 | 1 | 304 | 50.66 |
| **Richard Olver** | 2 | 1 | 49 | 49 |
| **Steven Hornsby** | 6 | 0 | 257 | 42.83 |
| **Ian Marshall** | 5 | 1 | 147 | 36.75 |
| **William Calvert** | 5 | 3 | 68 | 34 |
| **Simon Gardiner** | 1 | 0 | 33 | 33 |
| **John Stimpfig** | 4 | 1 | 89 | 29.66 |
| **Richard Earney** | 7 | 0 | 140 | 20 |
| **Edward Garland** | 2 | 1 | 15 | 15 |
| **Richard Beswick** | 9 | 1 | 113 | 14.12 |
| **Graeme Wright** | 3 | 2 | 9 | 9 |
| **Bob Colethorpe** | 1 | 0 | 9 | 9 |
| **Jim Grant** | 3 | 0 | 19 | 6.33 |
| **Mark Kirwan** | 2 | 0 | 11 | 5.5 |
| **Mark Gardiner** | 1 | 0 | 5 | 5 |
| **Andrew MacFarlane** | 4 | 0 | 11 | 2.75 |
| **Edward Harcourt** | 3 | 0 | 8 | 2.66 |
| **Tim Horsey** | 3 | 1 | 5 | 2.5 |
| **Pete Grant** | 1 | 0 | 1 | 1 |
| **Andrew Fielding** | 2 | 0 | 1 | .5 |
| **Duncan Ferguson** | 3 | 1 | 0 | 0 |
| **J. Bristow** | 1 | 0 | 0 | 0 |
| **Mark Hyde** | 1 | 0 | 0 | 0 |
| **David Young** | 1 | 1 | 3 | - |
| **Alan Sylvester** | 1 | 1 | 20 | - |
| **Jerry Wright** | 0 | 0 | 0 | - |
| **John Cunningham-Rolls** | 1 | 1 | 11 | - |

## Career Batting

| Player | Mat | Inns | No | Runs | Ave |
|:---|:---|:---|:---|:---|:---|
| **Andrew Gallagher** | 81 | 78 | 3 | 2062 | 27.49 |
| **Richard Beswick** | 149 | 136 | 24 | 1976 | 17.64 |
| **William Calvert** | 132 | 123 | 17 | 1784 | 16.83 |
| **Jim Grant** | 127 | 119 | 11 | 1623 | 15.03 |
| **Steven Hornsby** | 32 | 31 | 1 | 1058 | 35.27 |
| **Ian Marshall** | 55 | 45 | 6 | 1012 | 25.95 |
| **Richard Earney** | 42 | 39 | 4 | 698 | 19.94 |
| **Simon Barrowcliff** | 32 | 31 | 4 | 645 | 23.89 |
| **David Swann** | 16 | 15 | 3 | 574 | 47.83 |
| **Martin Breddy** | 15 | 15 | 0 | 565 | 37.67 |
| **Andrew MacFarlane** | 34 | 30 | 0 | 530 | 17.67 |
| **Mark Taylor** | 15 | 15 | 2 | 495 | 38.08 |
| **Tony Purves** | 18 | 16 | 5 | 459 | 41.73 |
| **Will Wright** | 21 | 20 | 2 | 443 | 24.61 |
| **Mark Gardiner** | 75 | 59 | 9 | 440 | 8.80 |
| **Stuart Watson** | 14 | 14 | 4 | 370 | 37.00 |
| **Alan Sylvester** | 53 | 33 | 16 | 369 | 21.71 |
| **Edward Garland** | 39 | 29 | 7 | 363 | 16.50 |
| **William Chapman** | 25 | 24 | 3 | 341 | 16.24 |
| **Andrew Fielding** | 39 | 35 | 2 | 340 | 10.30 |
| **David Young** | 61 | 44 | 14 | 328 | 10.93 |
| **Mark Kirwan** | 39 | 26 | 4 | 328 | 14.91 |
| **Richard Olver** | 44 | 29 | 13 | 287 | 17.94 |
| **Phil Bentley** | 8 | 8 | 1 | 275 | 39.29 |
| **Jerry Wright** | 107 | 54 | 17 | 268 | 7.24 |
| **John Packenham-Walsh** | 11 | 9 | 2 | 261 | 37.29 |
| **James Booth** | 9 | 9 | 1 | 235 | 29.38 |

## Career Batting (by Ave)

| Player | Mat | Inns | No | Runs | Ave |
|:---|:---|:---|:---|:---|:---|
| **David Swann** | 16 | 15 | 3 | 574 | 47.83 |
| **Tony Purves** | 18 | 16 | 5 | 459 | 41.73 |
| **Phil Bentley** | 8 | 8 | 1 | 275 | 39.29 |
| **Mark Taylor** | 15 | 15 | 2 | 495 | 38.08 |
| **Martin Breddy** | 15 | 15 | 0 | 565 | 37.67 |
| **John Packenham-Walsh** | 11 | 9 | 2 | 261 | 37.29 |
| **Stuart Watson** | 14 | 14 | 4 | 370 | 37.00 |
| **Steven Hornsby** | 32 | 31 | 1 | 1058 | 35.27 |
| **James Booth** | 9 | 9 | 1 | 235 | 29.38 |
| **Andrew Gallagher** | 81 | 78 | 3 | 2062 | 27.49 |
| **Ian Marshall** | 55 | 45 | 6 | 1012 | 25.95 |
| **Will Wright** | 21 | 20 | 2 | 443 | 24.61 |
| **Simon Barrowcliff** | 32 | 31 | 4 | 645 | 23.89 |
| **Alan Sylvester** | 53 | 33 | 16 | 369 | 21.71 |
| **Richard Earney** | 42 | 39 | 4 | 698 | 19.94 |
| **Richard Olver** | 44 | 29 | 13 | 287 | 17.94 |
| **Andrew MacFarlane** | 34 | 30 | 0 | 530 | 17.67 |
| **Richard Beswick** | 149 | 136 | 24 | 1976 | 17.64 |
| **William Calvert** | 132 | 123 | 17 | 1784 | 16.83 |
| **Edward Garland** | 39 | 29 | 7 | 363 | 16.50 |
| **William Chapman** | 25 | 24 | 3 | 341 | 16.24 |
| **Jim Grant** | 127 | 119 | 11 | 1623 | 15.03 |
| **Mark Kirwan** | 39 | 26 | 4 | 328 | 14.91 |
| **David Young** | 61 | 44 | 14 | 328 | 10.93 |
| **Andrew Fielding** | 39 | 35 | 2 | 340 | 10.30 |
| **Mark Gardiner** | 75 | 59 | 9 | 440 | 8.80 |
| **Jerry Wright** | 107 | 54 | 17 | 268 | 7.24 |

## Season Bowling

| Player | O | M | Runs | Wkts | Ave | SR |
|:--|:--|:--|:--|:--|:--|
| **Steven Hornsby** | 43.1 | 2 | 14 | 17.07 | 18.47 |
| **Richard Beswick** | 38.8 | 4 | 8 | 18.62 | 29.1 |
| **Richard Earney** | 16.5 | 1 | 7 | 10.57 | 14.14 |
| **Ian Marshall** | 40 | 9 | 7 | 15.71 | 34.28 |
| **William Calvert** | 22.5 | 1 | 6 | 21.5 | 22.5 |
| **Andrew MacFarlane** | 47 | 9 | 5 | 27 | 56.4 |
| **Graeme Wright** | 30 | 4 | 5 | 21.2 | 36 |
| **Jerry Wright** | 27 | 6 | 3 | 34.66 | 54 |
| **Richard Olver** | 16 | 2 | 3 | 16.66 | 32 |
| **Duncan Ferguson** | 23 | 3 | 1 | 85 | 138 |
| **Simon Barrowcliff** | 2 | 0 | 1 | 7 | 12 |
| **Alan Sylvester** | 13 | 1 | 1 | 84 | 78 |
| **Jim Grant** | 5 | 1 | 1 | 30 | 30 |
| **Pete Grant** | 4 | 1 | 1 | 19 | 24 |
| **Edward Harcourt** | 1 | 0 | 0 | - | - |
| **John Stimpfig** | 1 | 0 | 0 | - | - |
| **John Cunningham-Rolls** | 6 | 1 | 0 | - | - |
| **Mark Kirwan** | 5 | 0 | 0 | - | - |
| **Edward Garland** | 3 | 0 | 0 | - | - |

## Season Bowling (by ave)

| Player | O | M | Runs | Wkts | Ave | SR |
|:--|:--|:--|:--|:--|:--|
| **Simon Barrowcliff** | 2 | 0 | 1 | 7 | 12 |
| **Richard Earney** | 16.5 | 1 | 7 | 10.57 | 14.14 |
| **Ian Marshall** | 40 | 9 | 7 | 15.71 | 34.28 |
| **Richard Olver** | 16 | 2 | 3 | 16.66 | 32 |
| **Steven Hornsby** | 43.1 | 2 | 14 | 17.07 | 18.47 |
| **Richard Beswick** | 38.8 | 4 | 8 | 18.62 | 29.1 |
| **Pete Grant** | 4 | 1 | 1 | 19 | 24 |
| **Graeme Wright** | 30 | 4 | 5 | 21.2 | 36 |
| **William Calvert** | 22.5 | 1 | 6 | 21.5 | 22.5 |
| **Andrew MacFarlane** | 47 | 9 | 5 | 27 | 56.4 |
| **Jim Grant** | 5 | 1 | 1 | 30 | 30 |
| **Jerry Wright** | 27 | 6 | 3 | 34.66 | 54 |
| **Alan Sylvester** | 13 | 1 | 1 | 84 | 78 |
| **Duncan Ferguson** | 23 | 3 | 1 | 85 | 138 |

## Career Bowling

| Player | Mat | O | M | R | W | Ave | SR |
|:---|:---|:---|:---|:---|:---|:---|
| **Richard Beswick** | 149 | 802.4 | 146 | 2730 | 168 | 16.25 | 28.67 |
| **Jerry Wright** | 107 | 758.3 | 139 | 2447 | 143 | 17.11 | 31.83 |
| **William Calvert** | 132 | 504.4 | 71 | 2211 | 107 | 20.66 | 28.30 |
| **Ian Marshall** | 55 | 425.2 | 115 | 1231 | 69 | 17.84 | 36.99 |
| **Andrew MacFarlane** | 34 | 329 | 70 | 1041 | 68 | 15.31 | 29.03 |
| **Alan Sylvester** | 53 | 355.1 | 66 | 1327 | 67 | 19.81 | 31.81 |
| **Mark Kirwan** | 39 | 325.3 | 57 | 1101 | 66 | 16.68 | 29.59 |
| **Edward Garland** | 39 | 188.4 | 18 | 896 | 52 | 17.23 | 21.77 |
| **Richard Olver** | 44 | 291 | 68 | 895 | 49 | 18.27 | 35.63 |
| **Graeme Wright** | 43 | 285 | 41 | 984 | 43 | 22.88 | 39.77 |
| **Andrew Gallagher** | 81 | 133.4 | 11 | 709 | 38 | 18.66 | 21.11 |
| **Tony Purves** | 18 | 112.2 | 14 | 488 | 36 | 13.56 | 18.72 |
| **Mark Gardiner** | 75 | 132 | 11 | 545 | 32 | 17.03 | 24.75 |
| **Steven Hornsby** | 32 | 128.4 | 13 | 595 | 32 | 18.59 | 24.13 |
| **Mark Taylor** | 15 | 102 | 25 | 319 | 22 | 14.50 | 27.82 |

## Career Bowling (by ave)

| Player | Mat | O | M | R | W | Ave | SR |
|:---|:---|:---|:---|:---|:---|:---| 
| **Tony Purves** | 18 | 112.2 | 14 | 488 | 36 | 13.56 | 18.72 |
| **Mark Taylor** | 15 | 102 | 25 | 319 | 22 | 14.50 | 27.82 |
| **Andrew MacFarlane** | 34 | 329 | 70 | 1041 | 68 | 15.31 | 29.03 |
| **Richard Beswick** | 149 | 802.4 | 146 | 2730 | 168 | 16.25 | 28.67 |
| **Mark Kirwan** | 39 | 325.3 | 57 | 1101 | 66 | 16.68 | 29.59 |
| **Mark Gardiner** | 75 | 132 | 11 | 545 | 32 | 17.03 | 24.75 |
| **Jerry Wright** | 107 | 758.3 | 139 | 2447 | 143 | 17.11 | 31.83 |
| **Edward Garland** | 39 | 188.4 | 18 | 896 | 52 | 17.23 | 21.77 |
| **Ian Marshall** | 55 | 425.2 | 115 | 1231 | 69 | 17.84 | 36.99 |
| **Richard Olver** | 44 | 291 | 68 | 895 | 49 | 18.27 | 35.63 |
| **Steven Hornsby** | 32 | 128.4 | 13 | 595 | 32 | 18.59 | 24.13 |
| **Andrew Gallagher** | 81 | 133.4 | 11 | 709 | 38 | 18.66 | 21.11 |
| **Alan Sylvester** | 53 | 355.1 | 66 | 1327 | 67 | 19.81 | 31.81 |
| **William Calvert** | 132 | 504.4 | 71 | 2211 | 107 | 20.66 | 28.30 |
| **Graeme Wright** | 43 | 285 | 41 | 984 | 43 | 22.88 | 39.77 |
