---
layout: default
title: 1993 Statistics
nav_order: 49
parent: Statistics
---

# {{page.title}}

## Season Batting

| Player | Inns | No | Runs | Ave |
|:--|:--|:--|:--|:--|
| **Simon Barrowcliff** | 7 | 1 | 304 | 50.66 |
| **Steven Hornsby** | 6 | 0 | 257 | 42.83 |
| **Ian Marshall** | 5 | 1 | 147 | 36.75 |
| **Richard Earney** | 7 | 0 | 140 | 20 |
| **Richard Beswick** | 9 | 1 | 113 | 14.12 |
| **John Stimpfig** | 4 | 1 | 89 | 29.66 |
| **William Calvert** | 5 | 3 | 68 | 34 |
| **Will Wright** | 1 | 0 | 53 | 53 |
| **Richard Olver** | 2 | 1 | 49 | 49 |
| **Simon Gardiner** | 1 | 0 | 33 | 33 |
| **Alan Sylvester** | 1 | 1 | 20 | - |
| **Jim Grant** | 3 | 0 | 19 | 6.33 |
| **Edward Garland** | 2 | 1 | 15 | 15 |
| **Andrew MacFarlane** | 4 | 0 | 11 | 2.75 |
| **John Cunningham-Rolls** | 1 | 1 | 11 | - |
| **Mark Kirwan** | 2 | 0 | 11 | 5.5 |
| **Graeme Wright** | 3 | 2 | 9 | 9 |
| **Bob Colethorpe** | 1 | 0 | 9 | 9 |
| **Edward Harcourt** | 3 | 0 | 8 | 2.66 |
| **Tim Horsey** | 3 | 1 | 5 | 2.5 |
| **Mark Gardiner** | 1 | 0 | 5 | 5 |
| **David Young** | 1 | 1 | 3 | - |
| **Andrew Fielding** | 2 | 0 | 1 | .5 |
| **Pete Grant** | 1 | 0 | 1 | 1 |
| **Duncan Ferguson** | 3 | 1 | 0 | 0 |
| **J. Bristow** | 1 | 0 | 0 | 0 |
| **Jerry Wright** | 0 | 0 | 0 | - |
| **Mark Hyde** | 1 | 0 | 0 | 0 |

## Season Batting (by ave)

| Player | Inns | No | Runs | Ave |
|:--|:--|:--|:--|:--|
| **Will Wright** | 1 | 0 | 53 | 53 |
| **Simon Barrowcliff** | 7 | 1 | 304 | 50.66 |
| **Richard Olver** | 2 | 1 | 49 | 49 |
| **Steven Hornsby** | 6 | 0 | 257 | 42.83 |
| **Ian Marshall** | 5 | 1 | 147 | 36.75 |
| **William Calvert** | 5 | 3 | 68 | 34 |
| **Simon Gardiner** | 1 | 0 | 33 | 33 |
| **John Stimpfig** | 4 | 1 | 89 | 29.66 |
| **Richard Earney** | 7 | 0 | 140 | 20 |
| **Edward Garland** | 2 | 1 | 15 | 15 |
| **Richard Beswick** | 9 | 1 | 113 | 14.12 |
| **Graeme Wright** | 3 | 2 | 9 | 9 |
| **Bob Colethorpe** | 1 | 0 | 9 | 9 |
| **Jim Grant** | 3 | 0 | 19 | 6.33 |
| **Mark Kirwan** | 2 | 0 | 11 | 5.5 |
| **Mark Gardiner** | 1 | 0 | 5 | 5 |
| **Andrew MacFarlane** | 4 | 0 | 11 | 2.75 |
| **Edward Harcourt** | 3 | 0 | 8 | 2.66 |
| **Tim Horsey** | 3 | 1 | 5 | 2.5 |
| **Pete Grant** | 1 | 0 | 1 | 1 |
| **Andrew Fielding** | 2 | 0 | 1 | .5 |
| **Duncan Ferguson** | 3 | 1 | 0 | 0 |
| **J. Bristow** | 1 | 0 | 0 | 0 |
| **Mark Hyde** | 1 | 0 | 0 | 0 |
| **David Young** | 1 | 1 | 3 | - |
| **Alan Sylvester** | 1 | 1 | 20 | - |
| **Jerry Wright** | 0 | 0 | 0 | - |
| **John Cunningham-Rolls** | 1 | 1 | 11 | - |

## Season Bowling

| Player | O | M | Runs | Wkts | Ave | SR |
|:--|:--|:--|:--|:--|:--|
| **Steven Hornsby** | 43.1 | 2 | 14 | 17.07 | 18.47 |
| **Richard Beswick** | 38.8 | 4 | 8 | 18.62 | 29.1 |
| **Richard Earney** | 16.5 | 1 | 7 | 10.57 | 14.14 |
| **Ian Marshall** | 40 | 9 | 7 | 15.71 | 34.28 |
| **William Calvert** | 22.5 | 1 | 6 | 21.5 | 22.5 |
| **Andrew MacFarlane** | 47 | 9 | 5 | 27 | 56.4 |
| **Graeme Wright** | 30 | 4 | 5 | 21.2 | 36 |
| **Jerry Wright** | 27 | 6 | 3 | 34.66 | 54 |
| **Richard Olver** | 16 | 2 | 3 | 16.66 | 32 |
| **Duncan Ferguson** | 23 | 3 | 1 | 85 | 138 |
| **Simon Barrowcliff** | 2 | 0 | 1 | 7 | 12 |
| **Alan Sylvester** | 13 | 1 | 1 | 84 | 78 |
| **Jim Grant** | 5 | 1 | 1 | 30 | 30 |
| **Pete Grant** | 4 | 1 | 1 | 19 | 24 |
| **Edward Harcourt** | 1 | 0 | 0 | - | - |
| **John Stimpfig** | 1 | 0 | 0 | - | - |
| **John Cunningham-Rolls** | 6 | 1 | 0 | - | - |
| **Mark Kirwan** | 5 | 0 | 0 | - | - |
| **Edward Garland** | 3 | 0 | 0 | - | - |


## Season Bowling (by ave)

| Player | O | M | Runs | Wkts | Ave | SR |
|:--|:--|:--|:--|:--|:--|
| **Simon Barrowcliff** | 2 | 0 | 1 | 7 | 12 |
| **Richard Earney** | 16.5 | 1 | 7 | 10.57 | 14.14 |
| **Ian Marshall** | 40 | 9 | 7 | 15.71 | 34.28 |
| **Richard Olver** | 16 | 2 | 3 | 16.66 | 32 |
| **Steven Hornsby** | 43.1 | 2 | 14 | 17.07 | 18.47 |
| **Richard Beswick** | 38.8 | 4 | 8 | 18.62 | 29.1 |
| **Pete Grant** | 4 | 1 | 1 | 19 | 24 |
| **Graeme Wright** | 30 | 4 | 5 | 21.2 | 36 |
| **William Calvert** | 22.5 | 1 | 6 | 21.5 | 22.5 |
| **Andrew MacFarlane** | 47 | 9 | 5 | 27 | 56.4 |
| **Jim Grant** | 5 | 1 | 1 | 30 | 30 |
| **Jerry Wright** | 27 | 6 | 3 | 34.66 | 54 |
| **Alan Sylvester** | 13 | 1 | 1 | 84 | 78 |
| **Duncan Ferguson** | 23 | 3 | 1 | 85 | 138 |

## Career Batting

| Player | M | Inns | NOs | Runs | Ave |
|:---|:---|:---|:---|:---|:---|
| **Andrew Gallagher** | 82 | 79 | 3 | 2024 | 26.63 |
| **Richard Beswick** | 149 | 136 | 24 | 1954 | 17.45 |
| **William Calvert** | 133 | 124 | 17 | 1795 | 16.78 |
| **Jim Grant** | 127 | 119 | 11 | 1648 | 15.26 |
| **Steven Hornsby** | 32 | 31 | 1 | 1058 | 35.27 |
| **Ian Marshall** | 55 | 45 | 6 | 1012 | 25.95 |
| **Richard Earney** | 42 | 39 | 4 | 698 | 19.94 |
| **Simon Barrowcliff** | 32 | 31 | 4 | 645 | 23.89 |
| **David Swann** | 16 | 15 | 3 | 574 | 47.83 |
| **Martin Breddy** | 15 | 15 | 0 | 565 | 37.67 |
| **Andrew MacFarlane** | 34 | 30 | 0 | 530 | 17.67 |
| **Mark Taylor** | 15 | 15 | 2 | 495 | 38.08 |
| **Tony Purves** | 18 | 16 | 5 | 459 | 41.73 |
| **Mark Gardiner** | 75 | 59 | 9 | 440 | 8.80 |
| **Will Wright** | 20 | 19 | 1 | 404 | 22.44 |
| **Stuart Watson** | 14 | 14 | 4 | 370 | 37.00 |
| **Alan Sylvester** | 54 | 33 | 16 | 369 | 21.71 |
| **Edward Garland** | 39 | 29 | 7 | 363 | 16.50 |
| **William Chapman** | 25 | 24 | 3 | 341 | 16.24 |
| **Andrew Fielding** | 39 | 35 | 2 | 340 | 10.30 |
| **David Young** | 61 | 44 | 14 | 328 | 10.93 |
| **Mark Kirwan** | 40 | 26 | 4 | 328 | 14.91 |
| **Richard Olver** | 44 | 29 | 13 | 287 | 17.94 |
| **Phil Bentley** | 8 | 8 | 1 | 275 | 39.29 |
| **John Packenham-Walsh** | 11 | 9 | 2 | 261 | 37.29 |
| **Jerry Wright** | 108 | 54 | 16 | 254 | 6.68 |

## Career Batting (by ave)

| Player | M | Inns | NOs | Runs | Ave |
|:---|:---|:---|:---|:---|:---|
| **David Swann** | 16 | 15 | 3 | 574 | 47.83 |
| **Tony Purves** | 18 | 16 | 5 | 459 | 41.73 |
| **Phil Bentley** | 8 | 8 | 1 | 275 | 39.29 |
| **Mark Taylor** | 15 | 15 | 2 | 495 | 38.08 |
| **Martin Breddy** | 15 | 15 | 0 | 565 | 37.67 |
| **John Packenham-Walsh** | 11 | 9 | 2 | 261 | 37.29 |
| **Stuart Watson** | 14 | 14 | 4 | 370 | 37.00 |
| **Steven Hornsby** | 32 | 31 | 1 | 1058 | 35.27 |
| **Andrew Gallagher** | 82 | 79 | 3 | 2024 | 26.63 |
| **Ian Marshall** | 55 | 45 | 6 | 1012 | 25.95 |
| **Simon Barrowcliff** | 32 | 31 | 4 | 645 | 23.89 |
| **Will Wright** | 20 | 19 | 1 | 404 | 22.44 |
| **Alan Sylvester** | 54 | 33 | 16 | 369 | 21.71 |
| **Richard Earney** | 42 | 39 | 4 | 698 | 19.94 |
| **Richard Olver** | 44 | 29 | 13 | 287 | 17.94 |
| **Andrew MacFarlane** | 34 | 30 | 0 | 530 | 17.67 |
| **Richard Beswick** | 149 | 136 | 24 | 1954 | 17.45 |
| **William Calvert** | 133 | 124 | 17 | 1795 | 16.78 |
| **Edward Garland** | 39 | 29 | 7 | 363 | 16.50 |
| **William Chapman** | 25 | 24 | 3 | 341 | 16.24 |
| **Jim Grant** | 127 | 119 | 11 | 1648 | 15.26 |
| **Mark Kirwan** | 40 | 26 | 4 | 328 | 14.91 |
| **David Young** | 61 | 44 | 14 | 328 | 10.93 |
| **Andrew Fielding** | 39 | 35 | 2 | 340 | 10.30 |
| **Mark Gardiner** | 75 | 59 | 9 | 440 | 8.80 |
| **Jerry Wright** | 108 | 54 | 16 | 254 | 6.68 |

## Career Bowling

| Player | M | O | M | R | W | Ave | SR |
|:---|:---|:---|:---|:---|:---|:---|:---|
| **Richard Beswick** | 149 | 811.4 | 146 | 2730 | 168 | 16.25 | 28.98 |
| **Jerry Wright** | 108 | 749.2 | 140 | 2472 | 144 | 17.17 | 31.22 |
| **William Calvert** | 133 | 504 | 71 | 2211 | 107 | 20.66 | 28.26 |
| **Alan Sylvester** | 54 | 359.1 | 66 | 1341 | 69 | 19.43 | 31.23 |
| **Ian Marshall** | 55 | 424 | 115 | 1231 | 69 | 17.84 | 36.87 |
| **Andrew MacFarlane** | 34 | 357.2 | 70 | 1041 | 68 | 15.31 | 31.52 |
| **Mark Kirwan** | 40 | 330.3 | 57 | 1127 | 68 | 16.57 | 29.14 |
| **Edward Garland** | 39 | 188.4 | 18 | 896 | 52 | 17.23 | 21.74 |
| **Richard Olver** | 44 | 297 | 68 | 895 | 49 | 18.27 | 36.37 |
| **Graeme Wright** | 43 | 292 | 41 | 984 | 43 | 22.88 | 40.74 |
| **Andrew Gallagher** | 82 | 146.6 | 11 | 722 | 38 | 19.00 | 23.15 |
| **Tony Purves** | 18 | 111.8 | 14 | 488 | 36 | 13.56 | 18.63 |
| **Mark Gardiner** | 75 | 132 | 11 | 545 | 32 | 17.03 | 24.75 |
| **Steven Hornsby** | 32 | 128.4 | 13 | 595 | 32 | 18.59 | 24.08 |

## Career Bowling (by ave)

| Player | M | O | M | R | W | Ave | SR |
|:---|:---|:---|:---|:---|:---|:---|:---|
| **Tony Purves** | 18 | 111.8 | 14 | 488 | 36 | 13.56 | 18.63 |
| **Andrew MacFarlane** | 34 | 357.2 | 70 | 1041 | 68 | 15.31 | 31.52 |
| **Richard Beswick** | 149 | 811.4 | 146 | 2730 | 168 | 16.25 | 28.98 |
| **Mark Kirwan** | 40 | 330.3 | 57 | 1127 | 68 | 16.57 | 29.14 |
| **Mark Gardiner** | 75 | 132 | 11 | 545 | 32 | 17.03 | 24.75 |
| **Jerry Wright** | 108 | 749.2 | 140 | 2472 | 144 | 17.17 | 31.22 |
| **Edward Garland** | 39 | 188.4 | 18 | 896 | 52 | 17.23 | 21.74 |
| **Ian Marshall** | 55 | 424 | 115 | 1231 | 69 | 17.84 | 36.87 |
| **Richard Olver** | 44 | 297 | 68 | 895 | 49 | 18.27 | 36.37 |
| **Steven Hornsby** | 32 | 128.4 | 13 | 595 | 32 | 18.59 | 24.08 |
| **Andrew Gallagher** | 82 | 146.6 | 11 | 722 | 38 | 19.00 | 23.15 |
| **Alan Sylvester** | 54 | 359.1 | 66 | 1341 | 69 | 19.43 | 31.23 |
| **William Calvert** | 133 | 504 | 71 | 2211 | 107 | 20.66 | 28.26 |
| **Graeme Wright** | 43 | 292 | 41 | 984 | 43 | 22.88 | 40.74 |

