---
layout: default
title: 1996 Statistics
nav_order: 46
parent: Statistics
---

# {{page.title}}

(Career Qualification 200 runs; 20 wkts)

<details open markdown="block">
  {: .text-delta }
1. TOC
{:toc}
</details>

## Season Batting

| Player | Inns | No | Runs | Ave |
|:--|:--|:--|:--|:--|
| **Richard Earney** | 15 | 1 | 343 | 24.5 |
| **Jim Grant** | 13 | 1 | 271 | 22.58 |
| **Phil Bentley** | 4 | 1 | 230 | 76.66 |
| **Richard Beswick** | 16 | 3 | 230 | 17.69 |
| **James Hylton** | 2 | 0 | 197 | 98.5 |
| **Ian Marshall** | 11 | 0 | 157 | 14.27 |
| **Simon Barrowcliff** | 7 | 0 | 141 | 20.14 |
| **William Calvert** | 10 | 1 | 129 | 14.33 |
| **David Swann** | 2 | 1 | 112 | 112 |
| **Edward Garland** | 10 | 2 | 103 | 12.87 |
| **Pete Grant** | 10 | 2 | 71 | 8.87 |
| **John Stimpfig** | 6 | 0 | 63 | 10.5 |
| **Ben Jones** | 1 | 0 | 55 | 55 |
| **Paul Sayer** | 1 | 1 | 48 | - |
| **Will Warin** | 1 | 0 | 40 | 40 |
| **Jerry Wright** | 8 | 4 | 38 | 9.5 |
| **Mark Gardiner** | 6 | 1 | 37 | 7.4 |
| **Will Wright** | 1 | 0 | 31 | 31 |
| **David Young** | 4 | 1 | 25 | 8.33 |
| **Bob Colethorpe** | 1 | 0 | 25 | 25 |
| **Andrew Gordon** | 3 | 0 | 21 | 7 |
| **Mark Petre** | 2 | 0 | 20 | 10 |
| **Andrew Gallagher** | 2 | 0 | 14 | 7 |
| **John Manfield** | 1 | 1 | 10 | - |
| **Steve Masterson** | 5 | 2 | 9 | 3 |
| **Jonathan Hylton** | 1 | 0 | 4 | 4 |
| **Bavin** | 1 | 0 | 1 | 1 |
| **Matthew Wright** | 0 | 0 | 0 | - |
| **Jon Fleetwood** | 0 | 0 | 0 | - |
| **Gerald Wright** | 0 | 0 | 0 | - |
| **M Brett** | 0 | 0 | 0 | - |

## Season Batting (by ave)

| Player | Inns | No | Runs | Ave |
|:--|:--|:--|:--|:--|
| **David Swann** | 2 | 1 | 112 | 112 |
| **James Hylton** | 2 | 0 | 197 | 98.5 |
| **Phil Bentley** | 4 | 1 | 230 | 76.66 |
| **Ben Jones** | 1 | 0 | 55 | 55 |
| **Will Warin** | 1 | 0 | 40 | 40 |
| **Will Wright** | 1 | 0 | 31 | 31 |
| **Bob Colethorpe** | 1 | 0 | 25 | 25 |
| **Richard Earney** | 15 | 1 | 343 | 24.5 |
| **Jim Grant** | 13 | 1 | 271 | 22.58 |
| **Simon Barrowcliff** | 7 | 0 | 141 | 20.14 |
| **Richard Beswick** | 16 | 3 | 230 | 17.69 |
| **William Calvert** | 10 | 1 | 129 | 14.33 |
| **Ian Marshall** | 11 | 0 | 157 | 14.27 |
| **Edward Garland** | 10 | 2 | 103 | 12.87 |
| **John Stimpfig** | 6 | 0 | 63 | 10.5 |
| **Mark Petre** | 2 | 0 | 20 | 10 |
| **Jerry Wright** | 8 | 4 | 38 | 9.5 |
| **Pete Grant** | 10 | 2 | 71 | 8.87 |
| **David Young** | 4 | 1 | 25 | 8.33 |
| **Mark Gardiner** | 6 | 1 | 37 | 7.4 |
| **Andrew Gordon** | 3 | 0 | 21 | 7 |
| **Andrew Gallagher** | 2 | 0 | 14 | 7 |
| **Jonathan Hylton** | 1 | 0 | 4 | 4 |
| **Steve Masterson** | 5 | 2 | 9 | 3 |
| **Bavin** | 1 | 0 | 1 | 1 |
| **Matthew Wright** | 0 | 0 | 0 | - |
| **Jon Fleetwood** | 0 | 0 | 0 | - |
| **Paul Sayer** | 1 | 1 | 48 | - |
| **John Manfield** | 1 | 1 | 10 | - |
| **Gerald Wright** | 0 | 0 | 0 | - |
| **M Brett** | 0 | 0 | 0 | - |

## Season Bowling

| Player | O | M | Runs | Wkts | Ave | SR |
|:--|:--|:--|:--|:--|:--|
| **Richard Beswick** | 108.3 | 21 | 383 | 27 | 14.18 | 24.06 |
| **Ian Marshall** | 96.3 | 26 | 261 | 22 | 11.86 | 26.26 |
| **Jerry Wright** | 110 | 15 | 412 | 15 | 27.46 | 44 |
| **Steve Masterson** | 64 | 14 | 220 | 11 | 20 | 34.90 |
| **Richard Earney** | 58 | 3 | 301 | 10 | 30.1 | 34.8 |
| **Phil Bentley** | 35 | 10 | 106 | 9 | 11.77 | 23.33 |
| **James Hylton** | 23.3 | 7 | 66 | 9 | 7.33 | 15.53 |
| **William Calvert** | 21 | 2 | 133 | 7 | 19 | 18 |
| **Pete Grant** | 7 | 1 | 23 | 3 | 7.66 | 14 |
| **Paul Sayer** | 6 | 0 | 23 | 3 | 7.66 | 12 |
| **Jonathan Hylton** | 12 | 4 | 22 | 2 | 11 | 36 |
| **Edward Garland** | 20 | 2 | 88 | 1 | 88 | 120 |
| **Mark Gardiner** | 4 | 0 | 18 | 1 | 18 | 24 |
| **Jim Grant** | 1 | 0 | 5 | 0 | - | - |
| **Matthew Wright** | 4 | 1 | 20 | 0 | - | - |
| **Jon Fleetwood** | 9 | 1 | 35 | 0 | - | - |
| **Bob Colethorpe** | 3 | 1 | 2 | 0 | - | - |


## Season Bowling (by ave)

| Player | O | M | Runs | Wkts | Ave | SR |
|:--|:--|:--|:--|:--|:--|
| **James Hylton** | 23.3 | 7 | 66 | 9 | 7.33 |	15.53
| **Pete Grant	7** | 1 | 23 | 3 | 7.66 |	14
| **Paul Sayer	6** | 0 | 23 | 3 | 7.66 |	12
| **Jonathan Hylton	12	4** | 22 | 2 | 11 | 36 |
| **Phil Bentley	35** | 10 | 106 | 9 | 11.77 |	23.33
| **Ian Marshall	96.3** | 26 | 261 | 22 | 11.86 |	26.26
| **Richard Beswick	108.3** | 21 | 383 | 27 | 14.18 |	24.06
| **Mark Gardiner	4	0** | 18 | 1 | 18 | 24 |
| **William Calvert	21	2** | 133 | 7 | 19 | 18 |
| **Steve Masterson	64	14** | 220 | 11 | 20 | 34.90 |
| **Jerry Wright	110** | 15 | 412 | 15 | 27.46 |	44
| **Richard Earney	58** | 3 | 301 | 10 | 30.1 |	34.8
| **Edward Garland	20	2** | 88 | 1 | 88 | 120 |

