---
layout: default
title: 1997 Statistics
nav_order: 45
parent: Statistics
---

# {{page.title}}

(Career Qualification 200 runs; 20 wkts)

<details open markdown="block">
  {: .text-delta }
1. TOC
{:toc}
</details>

## Season Batting

| Player | Inns | No | Runs | Ave |
|:--|:--|:--|:--|:--|
| **Jim Grant** | 10 | 1 | 256 | 28.44 |
| **Richard Earney** | 14 | 0 | 208 | 14.85 |
| **Richard Beswick** | 10 | 3 | 207 | 29.57 |
| **Simon Barrowcliff** | 6 | 0 | 145 | 24.16 |
| **Ian Marshall** | 8 | 1 | 110 | 15.71 |
| **Steven Hornsby** | 5 | 1 | 98 | 24.5 |
| **Paul Sayer** | 2 | 0 | 96 | 48 |
| **James Hylton** | 1 | 1 | 82 | - |
| **David Jones** | 3 | 1 | 81 | 40.5 |
| **William Calvert** | 6 | 0 | 72 | 12 |
| **Pete Grant** | 11 | 1 | 53 | 5.3 |
| **Edward Garland** | 6 | 1 | 39 | 7.8 |
| **Jerry Wright** | 9 | 4 | 32 | 6.4 |
| **Phil Bentley** | 1 | 0 | 26 | 26 |
| **David Young** | 4 | 1 | 25 | 8.33 |
| **Mark Petre** | 5 | 1 | 24 | 6 |
| **Andrew Gallagher** | 2 | 0 | 23 | 11.5 |
| **John Wallington** | 1 | 0 | 23 | 23 |
| **Matt Belfrage** | 1 | 0 | 21 | 21 |
| **Tim Horsey** | 3 | 1 | 17 | 8.5 |
| **Alex Stitt** | 3 | 1 | 16 | 8 |
| **Tim Shore** | 2 | 0 | 12 | 6 |
| **Ben Jones** | 1 | 0 | 11 | 11 |
| **Tim Fearn** | 2 | 0 | 8 | 4 |
| **Mark Gardiner** | 3 | 2 | 7 | 7 |
| **Steve Masterson** | 1 | 1 | 6 | - |
| **Mark Kirwan** | 1 | 0 | 5 | 5 |
| **Matt Badstone** | 2 | 0 | 5 | 2.5 |
| **Jon Fleetwood** | 1 | 0 | 3 | 3 |
| **Gary Wiles** | 2 | 0 | 1 | .5 |
| **Gerald Wright** | 1 | 1 | 1 | - |
| **Paul O’Mahony** | 2 | 1 | 1 | 1 |
| **Mark Connor** | 1 | 1 | 1 | - |
| **John Stimpfig** | 1 | 0 | 0 | 0 |
| **Steve Sheasby** | 0 | 0 | 0 | - |
| **Mike Seignior** | 1 | 0 | 0 | 0 |

## Season Batting (by ave)

| Player | Inns | No | Runs | Ave |
|:--|:--|:--|:--|:--|
| **Paul Sayer** | 2 | 0 | 96 | 48 |
| **David Jones** | 3 | 1 | 81 | 40.5 |
| **Richard Beswick** | 10 | 3 | 207 | 29.57 |
| **Jim Grant** | 10 | 1 | 256 | 28.44 |
| **Phil Bentley** | 1 | 0 | 26 | 26 |
| **Steven Hornsby** | 5 | 1 | 98 | 24.5 |
| **Simon Barrowcliff** | 6 | 0 | 145 | 24.16 |
| **John Wallington** | 1 | 0 | 23 | 23 |
| **Matt Belfrage** | 1 | 0 | 21 | 21 |
| **Ian Marshall** | 8 | 1 | 110 | 15.71 |
| **Richard Earney** | 14 | 0 | 208 | 14.85 |
| **William Calvert** | 6 | 0 | 72 | 12 |
| **Andrew Gallagher** | 2 | 0 | 23 | 11.5 |
| **Ben Jones** | 1 | 0 | 11 | 11 |
| **Tim Horsey** | 3 | 1 | 17 | 8.5 |
| **David Young** | 4 | 1 | 25 | 8.33 |
| **Alex Stitt** | 3 | 1 | 16 | 8 |
| **Edward Garland** | 6 | 1 | 39 | 7.8 |
| **Mark Gardiner** | 3 | 2 | 7 | 7 |
| **Jerry Wright** | 9 | 4 | 32 | 6.4 |
| **Mark Petre** | 5 | 1 | 24 | 6 |
| **Tim Shore** | 2 | 0 | 12 | 6 |
| **Pete Grant** | 11 | 1 | 53 | 5.3 |
| **Mark Kirwan** | 1 | 0 | 5 | 5 |
| **Tim Fearn** | 2 | 0 | 8 | 4 |
| **Jon Fleetwood** | 1 | 0 | 3 | 3 |
| **Matt Badstone** | 2 | 0 | 5 | 2.5 |
| **Paul O’Mahony** | 2 | 1 | 1 | 1 |
| **Gary Wiles** | 2 | 0 | 1 | .5 |
| **John Stimpfig** | 1 | 0 | 0 | 0 |
| **Mike Seignior** | 1 | 0 | 0 | 0 |
| **Steve Masterson** | 1 | 1 | 6 | - |
| **Steve Sheasby** | 0 | 0 | 0 | - |
| **Gerald Wright** | 1 | 1 | 1 | - |
| **James Hylton** | 1 | 1 | 82 | - |
| **Mark Connor** | 1 | 1 | 1 | - |

## Season Bowling

| Player | O | M | Runs | Wkts | Ave | SR |
|:--|:--|:--|:--|:--|:--|
| **Richard Earney** | 81.2 | 7 | 369 | 20 | 18.45 | 24.36 |
| **Ian Marshall** | 92.4 | 15 | 258 | 17 | 15.17 | 32.61 |
| **Edward Garland** | 51 | 3 | 235 | 14 | 16.78 | 21.85 |
| **Jerry Wright** | 90 | 13 | 317 | 12 | 26.41 | 45 |
| **Richard Beswick** | 58 | 9 | 202 | 6 | 33.66 | 58 |
| **Steve Masterson** | 39.1 | 6 | 142 | 6 | 23.66 | 39.1 |
| **William Calvert** | 22.5 | 6 | 72 | 6 | 12 | 22.5 |
| **Tim Fearn** | 10 | 1 | 45 | 3 | 15 | 20 |
| **Jon Fleetwood** | 12 | 3 | 20 | 3 | 6.66 | 24 |
| **Paul Sayer** | 12 | 3 | 37 | 3 | 12.33 | 24 |
| **John Wallington** | 13 | 5 | 14 | 3 | 4.66 | 26 |
| **Paul O’Mahony** | 19 | 4 | 45 | 3 | 15 | 38 |
| **David Young** | 3 | 0 | 19 | 2 | 9.5 | 9 |
| **Steven Hornsby** | 5 | 0 | 24 | 2 | 12 | 15 |
| **Pete Grant** | 2.2 | 0 | 11 | 1 | 11 | 13.2 |
| **Phil Bentley** | 10 | 0 | 38 | 1 | 38 | 60 |
| **Mark Kirwan** | 3 | 2 | 1 | 1 | 1 | 18 |
| **Matt Belfrage** | 5 | 0 | 32 | 1 | 32 | 30 |
| **Tim Shore** | 15 | 2 | 58 | 1 | 58 | 90 |
| **Andrew Gallagher** | .5 | 0 | 12 | 0 | - | - |
| **Simon Barrowcliff** | 4 | 0 | 38 | 0 | - | - |
| **Steve Sheasby** | 3 | 0 | 14 | 0 | - | - |

## Season Bowling (by ave)

| Player | O | M | Runs | Wkts | Ave | SR |
|:--|:--|:--|:--|:--|:--|
| **Mark Kirwan** | 3 | 2 | 1 | 1 | 1 | 18 |
| **John Wallington** | 13 | 5 | 14 | 3 | 4.66 | 26 |
| **Jon Fleetwood** | 12 | 3 | 20 | 3 | 6.66 | 24 |
| **David Young** | 3 | 0 | 19 | 2 | 9.5 | 9 |
| **Pete Grant** | 2.2 | 0 | 11 | 1 | 11 | 13.2 |
| **William Calvert** | 22.5 | 6 | 72 | 6 | 12 | 22.5 |
| **Steven Hornsby** | 5 | 0 | 24 | 2 | 12 | 15 |
| **Paul Sayer** | 12 | 3 | 37 | 3 | 12.33 | 24 |
| **Tim Fearn** | 10 | 1 | 45 | 3 | 15 | 20 |
| **Paul O’Mahony** | 19 | 4 | 45 | 3 | 15 | 38 |
| **Ian Marshall** | 92.4 | 15 | 258 | 17 | 15.17 | 32.61 |
| **Edward Garland** | 51 | 3 | 235 | 14 | 16.78 | 21.85 |
| **Richard Earney** | 81.2 | 7 | 369 | 20 | 18.45 | 24.36 |
| **Steve Masterson** | 39.1 | 6 | 142 | 6 | 23.66 | 39.1 |
| **Jerry Wright** | 90 | 13 | 317 | 12 | 26.41 | 45 |
| **Matt Belfrage** | 5 | 0 | 32 | 1 | 32 | 30 |
| **Richard Beswick** | 58 | 9 | 202 | 6 | 33.66 | 58 |
| **Phil Bentley** | 10 | 0 | 38 | 1 | 38 | 60 |
| **Tim Shore** | 15 | 2 | 58 | 1 | 58 | 90 |

| **Richard Earney** | 97 | 307.6 | 27 | 1591 | 62 | 25.66 | 29.77 |
