---
layout: default
title: 1998 Statistics
nav_order: 44
parent: Statistics
---

# {{page.title}}

(Career Qualification 200 runs; 20 wkts)

<details open markdown="block">
  {: .text-delta }
1. TOC
{:toc}
</details>

## Season Batting

| Player | Inns | No | Runs | Ave |
|:--|:--|:--|:--|:--|
| **Richard Earney** | 10 | 1 | 334 | 37.11 |
| **Richard Beswick** | 10 | 2 | 280 | 35 |
| **James Hylton** | 3 | 1 | 207 | 103.5 |
| **Mark Petre** | 7 | 1 | 140 | 23.33 |
| **Ian Marshall** | 6 | 1 | 101 | 20.2 |
| **Aidan Roker** | 2 | 0 | 94 | 47 |
| **Edward Garland** | 7 | 3 | 59 | 14.75 |
| **Andrew Castells** | 2 | 1 | 53 | 53 |
| **Pete Grant** | 3 | 0 | 30 | 10 |
| **Simon Barrowcliff** | 2 | 0 | 28 | 14 |
| **Jerry Wright** | 3 | 2 | 24 | 24 |
| **John Wallington** | 1 | 0 | 20 | 20 |
| **William Calvert** | 3 | 0 | 18 | 6 |
| **Jim Grant** | 7 | 0 | 18 | 2.57 |
| **Alex Stitt** | 3 | 1 | 17 | 8.5 |
| **Hugh Petre** | 1 | 0 | 12 | 12 |
| **Tim Horsey** | 2 | 2 | 12 | - |
| **Andrew Gallagher** | 1 | 0 | 9 | 9 |
| **Ed Jackson** | 1 | 0 | 7 | 7 |
| **Steve Masterson** | 4 | 0 | 6 | 1.5 |
| **Paul O’Mahony** | 3 | 2 | 3 | 3 |
| **Steve Sheasby** | 1 | 0 | 1 | 1 |
| **Mike Seignior** | 0 | 0 | 0 | - |
| **Jon Fleetwood** | 1 | 1 | 0 | - |
| **Stuart Vincent** | 0 | 0 | 0 | - |
| **Matt Belfrage** | 0 | 0 | 0 | - |
| **Paul Sayer** | 1 | 0 | 0 | 0 |
| **Philip Beswick** | 1 | 0 | 0 | 0 |
| **Neil Bezodis** | 0 | 0 | 0 | - |

## Season Batting (by ave)

| Player | Inns | No | Runs | Ave |
|:--|:--|:--|:--|:--|
| **James Hylton** | 3 | 1 | 207 | 103.5 |
| **Andrew Castells** | 2 | 1 | 53 | 53 |
| **Aidan Roker** | 2 | 0 | 94 | 47 |
| **Richard Earney** | 10 | 1 | 334 | 37.11 |
| **Richard Beswick** | 10 | 2 | 280 | 35 |
| **Jerry Wright** | 3 | 2 | 24 | 24 |
| **Mark Petre** | 7 | 1 | 140 | 23.33 |
| **Ian Marshall** | 6 | 1 | 101 | 20.2 |
| **John Wallington** | 1 | 0 | 20 | 20 |
| **Edward Garland** | 7 | 3 | 59 | 14.75 |
| **Simon Barrowcliff** | 2 | 0 | 28 | 14 |
| **Hugh Petre** | 1 | 0 | 12 | 12 |
| **Pete Grant** | 3 | 0 | 30 | 10 |
| **Andrew Gallagher** | 1 | 0 | 9 | 9 |
| **Alex Stitt** | 3 | 1 | 17 | 8.5 |
| **Ed Jackson** | 1 | 0 | 7 | 7 |
| **William Calvert** | 3 | 0 | 18 | 6 |
| **Paul O’Mahony** | 3 | 2 | 3 | 3 |
| **Jim Grant** | 7 | 0 | 18 | 2.57 |
| **Steve Masterson** | 4 | 0 | 6 | 1.5 |
| **Steve Sheasby** | 1 | 0 | 1 | 1 |
| **Paul Sayer** | 1 | 0 | 0 | 0 |
| **Philip Beswick** | 1 | 0 | 0 | 0 |
| **Tim Horsey** | 2 | 2 | 12 | - |
| **Mike Seignior** | 0 | 0 | 0 | - |
| **Jon Fleetwood** | 1 | 1 | 0 | - |
| **Stuart Vincent** | 0 | 0 | 0 | - |
| **Matt Belfrage** | 0 | 0 | 0 | - |
| **Neil Bezodis** | 0 | 0 | 0 | - |

## Season Bowling

| Player | O | M | Runs | Wkts | Ave | SR |
|:--|:--|:--|:--|:--|:--|
| **Richard Earney** | 47.5 | 5 | 207 | 12 | 17.25 | 23.75 |
| **Jerry Wright** | 66 | 7 | 300 | 12 | 25 | 33 |
| **Ian Marshall** | 80.5 | 20 | 223 | 11 | 20.27 | 43.90 |
| **Steve Masterson** | 66 | 12 | 203 | 10 | 20.3 | 39.6 |
| **Paul O’Mahony** | 36.5 | 4 | 135 | 8 | 16.87 | 27.37 |
| **William Calvert** | 16 | 0 | 71 | 6 | 11.83 | 16 |
| **Neil Bezodis** | 7 | 1 | 18 | 6 | 3 | 7 |
| **Edward Garland** | 13 | 1 | 60 | 4 | 15 | 19.5 |
| **James Hylton** | 15 | 0 | 59 | 4 | 14.75 | 22.5 |
| **Richard Beswick** | 15 | 0 | 62 | 3 | 20.66 | 30 |
| **Jon Fleetwood** | 20 | 4 | 72 | 2 | 36 | 60 |
| **Pete Grant** | 1.2 | 1 | 0 | 1 | 0 | 7.2 |
| **Ed Jackson** | 5 | 0 | 25 | 1 | 25 | 30 |
| **Matt Belfrage** | 4 | 0 | 17 | 1 | 17 | 24 |
| **John Wallington** | 8 | 1 | 25 | 1 | 25 | 48 |
| **Aidan Roker** | 10 | 2 | 48 | 1 | 48 | 60 |
| **Hugh Petre** | 6 | 0 | 15 | 0 | - | - |
| **Jim Grant** | 1 | 0 | 13 | 0 | - | - |
| **Paul Sayer** | 4 | 0 | 19 | 0 | - | - |

## Season Bowling (by ave)

| Player | O | M | Runs | Wkts | Ave | SR |
|:--|:--|:--|:--|:--|:--|
| **Pete Grant** | 1.2 | 1 | 0 | 1 | 0 | 7.2 |
| **Neil Bezodis** | 7 | 1 | 18 | 6 | 3 | 7 |
| **William Calvert** | 16 | 0 | 71 | 6 | 11.83 | 16 |
| **James Hylton** | 15 | 0 | 59 | 4 | 14.75 | 22.5 |
| **Edward Garland** | 13 | 1 | 60 | 4 | 15 | 19.5 |
| **Paul O’Mahony** | 36.5 | 4 | 135 | 8 | 16.87 | 27.37 |
| **Matt Belfrage** | 4 | 0 | 17 | 1 | 17 | 24 |
| **Richard Earney** | 47.5 | 5 | 207 | 12 | 17.25 | 23.75 |
| **Ian Marshall** | 80.5 | 20 | 223 | 11 | 20.27 | 43.90 |
| **Steve Masterson** | 66 | 12 | 203 | 10 | 20.3 | 39.6 |
| **Richard Beswick** | 15 | 0 | 62 | 3 | 20.66 | 30 |
| **Jerry Wright** | 66 | 7 | 300 | 12 | 25 | 33 |
| **Ed Jackson** | 5 | 0 | 25 | 1 | 25 | 30 |
| **John Wallington** | 8 | 1 | 25 | 1 | 25 | 48 |
| **Jon Fleetwood** | 20 | 4 | 72 | 2 | 36 | 60 |
| **Aidan Roker** | 10 | 2 | 48 | 1 | 48 | 60 |
