---
layout: default
title: 1999 Statistics
nav_order: 43
parent: Statistics
---

# {{page.title}}

(Career Qualification 200 runs; 20 wkts)

<details open markdown="block">
  {: .text-delta }
1. TOC
{:toc}
</details>

## Season Batting

| Player | Inns | No | Runs | Ave |
|:--|:--|:--|:--|:--|
| **Richard Earney** | 14 | 0 | 379 | 27.07 |
| **Richard Beswick** | 14 | 1 | 326 | 25.07 |
| **Mark Petre** | 10 | 1 | 240 | 26.66 |
| **Ian Marshall** | 10 | 1 | 189 | 21 |
| **Jim Grant** | 11 | 1 | 122 | 12.2 |
| **Jerry Wright** | 10 | 2 | 115 | 14.37 |
| **Edward Garland** | 10 | 1 | 101 | 11.22 |
| **Simon Barrowcliff** | 2 | 0 | 77 | 38.5 |
| **Steven Hornsby** | 2 | 0 | 64 | 32 |
| **Pete Grant** | 11 | 1 | 52 | 5.2 |
| **Matt Belfrage** | 3 | 0 | 40 | 13.33 |
| **William Calvert** | 3 | 1 | 29 | 14.5 |
| **Andrew Castells** | 1 | 0 | 27 | 27 |
| **Craig Williams** | 1 | 0 | 22 | 22 |
| **Tim Horsey** | 1 | 0 | 21 | 21 |
| **John Wallington** | 2 | 0 | 18 | 9 |
| **Richard Green** | 1 | 0 | 17 | 17 |
| **Paul O’Mahony** | 3 | 2 | 15 | 15 |
| **Steve Larkin** | 3 | 1 | 14 | 7 |
| **Philip Beswick** | 4 | 1 | 13 | 4.33 |
| **Nicholas Beswick** | 3 | 0 | 10 | 3.33 |
| **Kevin Watson** | 1 | 0 | 9 | 9 |
| **Paul O’Brien** | 5 | 1 | 9 | 2.25 |
| **Henry Archer** | 1 | 0 | 7 | 7 |
| **Mark Smith** | 1 | 0 | 5 | 5 |
| **Nick Hawtrey** | 2 | 0 | 3 | 1.5 |
| **James Hylton** | 1 | 0 | 2 | 2 |
| **John O’Mahony** | 1 | 0 | 1 | 1 |
| **Alex Stitt** | 1 | 0 | 1 | 1 |
| **Tim Butcher** | 1 | 0 | 1 | 1 |
| **Andrew Gallagher** | 1 | 0 | 0 | 0 |
| **McCullen** | 1 | 0 | 0 | 0 |
| **Mark Gardiner** | 2 | 0 | 0 | 0 |
| **Edward Harcourt** | 0 | 0 | 0 | - |
| **Steve Masterson** | 0 | 0 | 0 | - |
| **Mike Seignior** | 1 | 0 | 0 | 0 |
| **Lucy Bromley-Gardiner** | 1 | 0 | 0 | 0 |
| **Bridget Kenway** | 0 | 0 | 0 | - |
| **Peter Cunningham** | 1 | 1 | 0 | - |
| **Gerald Wright** | 1 | 0 | 0 | 0 |

## Season Batting (by ave)

| Player | Inns | No | Runs | Ave |
|:--|:--|:--|:--|:--|
| **Simon Barrowcliff** | 2 | 0 | 77 | 38.5 |
| **Steven Hornsby** | 2 | 0 | 64 | 32 |
| **Richard Earney** | 14 | 0 | 379 | 27.07 |
| **Andrew Castells** | 1 | 0 | 27 | 27 |
| **Mark Petre** | 10 | 1 | 240 | 26.66 |
| **Richard Beswick** | 14 | 1 | 326 | 25.07 |
| **Craig Williams** | 1 | 0 | 22 | 22 |
| **Ian Marshall** | 10 | 1 | 189 | 21 |
| **Tim Horsey** | 1 | 0 | 21 | 21 |
| **Richard Green** | 1 | 0 | 17 | 17 |
| **Paul O’Mahony** | 3 | 2 | 15 | 15 |
| **William Calvert** | 3 | 1 | 29 | 14.5 |
| **Jerry Wright** | 10 | 2 | 115 | 14.37 |
| **Matt Belfrage** | 3 | 0 | 40 | 13.33 |
| **Jim Grant** | 11 | 1 | 122 | 12.2 |
| **Edward Garland** | 10 | 1 | 101 | 11.22 |
| **Kevin Watson** | 1 | 0 | 9 | 9 |
| **John Wallington** | 2 | 0 | 18 | 9 |
| **Steve Larkin** | 3 | 1 | 14 | 7 |
| **Henry Archer** | 1 | 0 | 7 | 7 |
| **Pete Grant** | 11 | 1 | 52 | 5.2 |
| **Mark Smith** | 1 | 0 | 5 | 5 |
| **Philip Beswick** | 4 | 1 | 13 | 4.33 |
| **Nicholas Beswick** | 3 | 0 | 10 | 3.33 |
| **Paul O’Brien** | 5 | 1 | 9 | 2.25 |
| **James Hylton** | 1 | 0 | 2 | 2 |
| **Nick Hawtrey** | 2 | 0 | 3 | 1.5 |
| **John O’Mahony** | 1 | 0 | 1 | 1 |
| **Alex Stitt** | 1 | 0 | 1 | 1 |
| **Tim Butcher** | 1 | 0 | 1 | 1 |
| **Andrew Gallagher** | 1 | 0 | 0 | 0 |
| **McCullen** | 1 | 0 | 0 | 0 |
| **Mark Gardiner** | 2 | 0 | 0 | 0 |
| **Mike Seignior** | 1 | 0 | 0 | 0 |
| **Lucy Bromley-Gardiner** | 1 | 0 | 0 | 0 |
| **Gerald Wright** | 1 | 0 | 0 | 0 |
| **Edward Harcourt** | 0 | 0 | 0 | - |
| **Steve Masterson** | 0 | 0 | 0 | - |
| **Bridget Kenway** | 0 | 0 | 0 | - |
| **Peter Cunningham** | 1 | 1 | 0 | - |

## Season Bowling

| Player | O | M | Runs | Wkts | Ave | SR |
|:--|:--|:--|:--|:--|:--|
| **Ian Marshall** | 103 | 27 | 281 | 19 | 14.78 | 32.52 |
| **Jerry Wright** | 104 | 17 | 436 | 12 | 36.33 | 52 |
| **Richard Earney** | 80.4 | 8 | 387 | 10 | 38.7 | 48.24 |
| **Edward Garland** | 31 | 0 | 178 | 10 | 17.8 | 18.6 |
| **Paul O’Brien** | 41 | 4 | 190 | 9 | 21.11 | 27.33 |
| **Richard Beswick** | 51 | 11 | 168 | 8 | 21 | 38.25 |
| **Steve Larkin** | 25.4 | 10 | 52 | 5 | 10.4 | 30.48 |
| **Paul O’Mahony** | 31 | 5 | 127 | 5 | 25.4 | 37.2 |
| **William Calvert** | 10 | 1 | 40 | 3 | 13.33 | 20 |
| **John Wallington** | 15 | 1 | 79 | 2 | 39.5 | 45 |
| **John O’Mahony** | 4 | 1 | 16 | 1 | 16 | 24 |
| **Pete Grant** | 7.3 | 0 | 36 | 1 | 36 | 43.8 |
| **Matt Belfrage** | 6 | 0 | 12 | 1 | 12 | 36 |
| **Mark Petre** | 1 | 0 | 7 | 0 | - | - |
| **Kevin Watson** | 2 | 0 | 18 | 0 | - | - |
| **McCullen** | 6 | 0 | 21 | 0 | - | - |
| **Mark Gardiner** | .5 | 0 | 11 | 0 | - | - |
| **Philip Beswick** | 1.1 | 0 | 6 | 0 | - | - |
| **Richard Green** | 2 | 0 | 5 | 0 | - | - |
| **Craig Williams** | 4 | 3 | 3 | 0 | - | - |
| **Steven Hornsby** | 4 | 0 | 27 | 0 | - | - |


## Season Bowling (by ave)

| Player | O | M | Runs | Wkts | Ave | SR |
|:--|:--|:--|:--|:--|:--|
| **Steve Larkin** | 25.4 | 10 | 52 | 5 | 10.4 | 30.48 |
| **Matt Belfrage** | 6 | 0 | 12 | 1 | 12 | 36 |
| **William Calvert** | 10 | 1 | 40 | 3 | 13.33 | 20 |
| **Ian Marshall** | 103 | 27 | 281 | 19 | 14.78 | 32.52 |
| **John O’Mahony** | 4 | 1 | 16 | 1 | 16 | 24 |
| **Edward Garland** | 31 | 0 | 178 | 10 | 17.8 | 18.6 |
| **Richard Beswick** | 51 | 11 | 168 | 8 | 21 | 38.25 |
| **Paul O’Brien** | 41 | 4 | 190 | 9 | 21.11 | 27.33 |
| **Paul O’Mahony** | 31 | 5 | 127 | 5 | 25.4 | 37.2 |
| **Pete Grant** | 7.3 | 0 | 36 | 1 | 36 | 43.8 |
| **Jerry Wright** | 104 | 17 | 436 | 12 | 36.33 | 52 |
| **Richard Earney** | 80.4 | 8 | 387 | 10 | 38.7 | 48.24 |
| **John Wallington** | 15 | 1 | 79 | 2 | 39.5 | 45 |
