---
layout: default
title: 1999 Statistics
nav_order: 90
parent: Statistics
---

# {{page.title}}

(Career Qualification 200 runs; 20 wkts)

<details open markdown="block">
  {: .text-delta }
1. TOC
{:toc}
</details>

Richard Beswick: 3000 runs

## Season Batting

| Player | Inns | No | Runs | Ave |
|:--|:--|:--|:--|:--|
| **Richard Earney** | 14 | 0 | 379 | 27.07 |
| **Richard Beswick** | 14 | 1 | 326 | 25.07 |
| **Mark Petre** | 10 | 1 | 240 | 26.66 |
| **Ian Marshall** | 10 | 1 | 189 | 21 |
| **Jim Grant** | 11 | 1 | 122 | 12.2 |
| **Jerry Wright** | 10 | 2 | 115 | 14.37 |
| **Edward Garland** | 10 | 1 | 101 | 11.22 |
| **Simon Barrowcliff** | 2 | 0 | 77 | 38.5 |
| **Steven Hornsby** | 2 | 0 | 64 | 32 |
| **Pete Grant** | 11 | 1 | 52 | 5.2 |
| **Matt Belfrage** | 3 | 0 | 40 | 13.33 |
| **William Calvert** | 3 | 1 | 29 | 14.5 |
| **Andrew Castells** | 1 | 0 | 27 | 27 |
| **Craig Williams** | 1 | 0 | 22 | 22 |
| **Tim Horsey** | 1 | 0 | 21 | 21 |
| **John Wallington** | 2 | 0 | 18 | 9 |
| **Richard Green** | 1 | 0 | 17 | 17 |
| **Paul O’Mahony** | 3 | 2 | 15 | 15 |
| **Steve Larkin** | 3 | 1 | 14 | 7 |
| **Philip Beswick** | 4 | 1 | 13 | 4.33 |
| **Nicholas Beswick** | 3 | 0 | 10 | 3.33 |
| **Kevin Watson** | 1 | 0 | 9 | 9 |
| **Paul O’Brien** | 5 | 1 | 9 | 2.25 |
| **Henry Archer** | 1 | 0 | 7 | 7 |
| **Mark Smith** | 1 | 0 | 5 | 5 |
| **Nick Hawtrey** | 2 | 0 | 3 | 1.5 |
| **James Hylton** | 1 | 0 | 2 | 2 |
| **John O’Mahony** | 1 | 0 | 1 | 1 |
| **Alex Stitt** | 1 | 0 | 1 | 1 |
| **Tim Butcher** | 1 | 0 | 1 | 1 |
| **Andrew Gallagher** | 1 | 0 | 0 | 0 |
| **McCullen** | 1 | 0 | 0 | 0 |
| **Mark Gardiner** | 2 | 0 | 0 | 0 |
| **Edward Harcourt** | 0 | 0 | 0 | - |
| **Steve Masterson** | 0 | 0 | 0 | - |
| **Mike Seignior** | 1 | 0 | 0 | 0 |
| **Lucy Bromley-Gardiner** | 1 | 0 | 0 | 0 |
| **Bridget Kenway** | 0 | 0 | 0 | - |
| **Peter Cunningham** | 1 | 1 | 0 | - |
| **Gerald Wright** | 1 | 0 | 0 | 0 |

## Season Batting (by ave)

| Player | Inns | No | Runs | Ave |
|:--|:--|:--|:--|:--|
| **Simon Barrowcliff** | 2 | 0 | 77 | 38.5 |
| **Steven Hornsby** | 2 | 0 | 64 | 32 |
| **Richard Earney** | 14 | 0 | 379 | 27.07 |
| **Andrew Castells** | 1 | 0 | 27 | 27 |
| **Mark Petre** | 10 | 1 | 240 | 26.66 |
| **Richard Beswick** | 14 | 1 | 326 | 25.07 |
| **Craig Williams** | 1 | 0 | 22 | 22 |
| **Ian Marshall** | 10 | 1 | 189 | 21 |
| **Tim Horsey** | 1 | 0 | 21 | 21 |
| **Richard Green** | 1 | 0 | 17 | 17 |
| **Paul O’Mahony** | 3 | 2 | 15 | 15 |
| **William Calvert** | 3 | 1 | 29 | 14.5 |
| **Jerry Wright** | 10 | 2 | 115 | 14.37 |
| **Matt Belfrage** | 3 | 0 | 40 | 13.33 |
| **Jim Grant** | 11 | 1 | 122 | 12.2 |
| **Edward Garland** | 10 | 1 | 101 | 11.22 |
| **Kevin Watson** | 1 | 0 | 9 | 9 |
| **John Wallington** | 2 | 0 | 18 | 9 |
| **Steve Larkin** | 3 | 1 | 14 | 7 |
| **Henry Archer** | 1 | 0 | 7 | 7 |
| **Pete Grant** | 11 | 1 | 52 | 5.2 |
| **Mark Smith** | 1 | 0 | 5 | 5 |
| **Philip Beswick** | 4 | 1 | 13 | 4.33 |
| **Nicholas Beswick** | 3 | 0 | 10 | 3.33 |
| **Paul O’Brien** | 5 | 1 | 9 | 2.25 |
| **James Hylton** | 1 | 0 | 2 | 2 |
| **Nick Hawtrey** | 2 | 0 | 3 | 1.5 |
| **John O’Mahony** | 1 | 0 | 1 | 1 |
| **Alex Stitt** | 1 | 0 | 1 | 1 |
| **Tim Butcher** | 1 | 0 | 1 | 1 |
| **Andrew Gallagher** | 1 | 0 | 0 | 0 |
| **McCullen** | 1 | 0 | 0 | 0 |
| **Mark Gardiner** | 2 | 0 | 0 | 0 |
| **Mike Seignior** | 1 | 0 | 0 | 0 |
| **Lucy Bromley-Gardiner** | 1 | 0 | 0 | 0 |
| **Gerald Wright** | 1 | 0 | 0 | 0 |
| **Edward Harcourt** | 0 | 0 | 0 | - |
| **Steve Masterson** | 0 | 0 | 0 | - |
| **Bridget Kenway** | 0 | 0 | 0 | - |
| **Peter Cunningham** | 1 | 1 | 0 | - |

## Career Batting

| Player | Mat | Inns | No | Runs | Ave |
|:---|:---|:---|:---|:---|:---|
| **Richard Beswick** | 224 | 206 | 37 | 3458 | 20.46 |
| **Jim Grant** | 188 | 175 | 19 | 2604 | 16.69 |
| **Richard Earney** | 121 | 117 | 7 | 2563 | 23.30 |
| **William Calvert** | 174 | 160 | 20 | 2220 | 15.86 |
| **Andrew Gallagher** | 88 | 85 | 3 | 2135 | 26.04 |
| **Ian Marshall** | 117 | 94 | 11 | 1751 | 21.10 |
| **Steven Hornsby** | 46 | 44 | 3 | 1536 | 37.46 |
| **Simon Barrowcliff** | 66 | 63 | 5 | 1409 | 24.29 |
| **Edward Garland** | 98 | 79 | 18 | 914 | 14.98 |
| **David Swann** | 21 | 20 | 5 | 755 | 50.33 |
| **Phil Bentley** | 19 | 18 | 2 | 683 | 42.69 |
| **Will Wright** | 24 | 23 | 2 | 579 | 27.57 |
| **Martin Breddy** | 15 | 15 | 0 | 565 | 37.67 |
| **Mark Gardiner** | 94 | 78 | 13 | 536 | 8.25 |
| **Andrew MacFarlane** | 34 | 30 | 0 | 530 | 17.67 |
| **Jerry Wright** | 182 | 95 | 34 | 530 | 8.69 |
| **Mark Taylor** | 15 | 15 | 2 | 495 | 38.08 |
| **David Young** | 90 | 67 | 18 | 493 | 10.06 |
| **James Hylton** | 8 | 7 | 2 | 488 | 97.60 |
| **Tony Purves** | 18 | 16 | 5 | 459 | 41.73 |
| **Mark Petre** | 25 | 25 | 3 | 429 | 19.50 |
| **Alan Sylvester** | 56 | 35 | 16 | 380 | 20.00 |
| **Stuart Watson** | 14 | 14 | 4 | 370 | 37.00 |
| **Mark Kirwan** | 41 | 28 | 5 | 356 | 15.48 |
| **William Chapman** | 25 | 24 | 3 | 341 | 16.24 |
| **Andrew Fielding** | 39 | 35 | 2 | 340 | 10.30 |
| **Pete Grant** | 49 | 46 | 6 | 335 | 8.38 |
| **Richard Olver** | 45 | 30 | 14 | 287 | 17.94 |
| **John Packenham-Walsh** | 11 | 9 | 2 | 261 | 37.29 |
| **John Stimpfig** | 28 | 21 | 3 | 250 | 13.89 |
| **James Booth** | 9 | 9 | 1 | 235 | 29.38 |
| **Tim Horsey** | 36 | 34 | 8 | 213 | 8.19 |

## Career Batting (by Ave)

| Player | Mat | Inns | No | Runs | Ave |
|:---|:---|:---|:---|:---|:---|
| **James Hylton** | 8 | 7 | 2 | 488 | 97.60 |
| **David Swann** | 21 | 20 | 5 | 755 | 50.33 |
| **Phil Bentley** | 19 | 18 | 2 | 683 | 42.69 |
| **Tony Purves** | 18 | 16 | 5 | 459 | 41.73 |
| **Mark Taylor** | 15 | 15 | 2 | 495 | 38.08 |
| **Martin Breddy** | 15 | 15 | 0 | 565 | 37.67 |
| **Steven Hornsby** | 46 | 44 | 3 | 1536 | 37.46 |
| **John Packenham-Walsh** | 11 | 9 | 2 | 261 | 37.29 |
| **Stuart Watson** | 14 | 14 | 4 | 370 | 37.00 |
| **James Booth** | 9 | 9 | 1 | 235 | 29.38 |
| **Will Wright** | 24 | 23 | 2 | 579 | 27.57 |
| **Andrew Gallagher** | 88 | 85 | 3 | 2135 | 26.04 |
| **Simon Barrowcliff** | 66 | 63 | 5 | 1409 | 24.29 |
| **Richard Earney** | 121 | 117 | 7 | 2563 | 23.30 |
| **Ian Marshall** | 117 | 94 | 11 | 1751 | 21.10 |
| **Richard Beswick** | 224 | 206 | 37 | 3458 | 20.46 |
| **Alan Sylvester** | 56 | 35 | 16 | 380 | 20.00 |
| **Mark Petre** | 25 | 25 | 3 | 429 | 19.50 |
| **Richard Olver** | 45 | 30 | 14 | 287 | 17.94 |
| **Andrew MacFarlane** | 34 | 30 | 0 | 530 | 17.67 |
| **Jim Grant** | 188 | 175 | 19 | 2604 | 16.69 |
| **William Chapman** | 25 | 24 | 3 | 341 | 16.24 |
| **William Calvert** | 174 | 160 | 20 | 2220 | 15.86 |
| **Mark Kirwan** | 41 | 28 | 5 | 356 | 15.48 |
| **Edward Garland** | 98 | 79 | 18 | 914 | 14.98 |
| **John Stimpfig** | 28 | 21 | 3 | 250 | 13.89 |
| **Andrew Fielding** | 39 | 35 | 2 | 340 | 10.30 |
| **David Young** | 90 | 67 | 18 | 493 | 10.06 |
| **Jerry Wright** | 182 | 95 | 34 | 530 | 8.69 |
| **Pete Grant** | 49 | 46 | 6 | 335 | 8.38 |
| **Mark Gardiner** | 94 | 78 | 13 | 536 | 8.25 |
| **Tim Horsey** | 36 | 34 | 8 | 213 | 8.19 |



## Season Bowling

| Player | O | M | Runs | Wkts | Ave | SR |
|:--|:--|:--|:--|:--|:--|
| **Ian Marshall** | 103 | 27 | 281 | 19 | 14.78 | 32.52 |
| **Jerry Wright** | 104 | 17 | 436 | 12 | 36.33 | 52 |
| **Richard Earney** | 80.4 | 8 | 387 | 10 | 38.7 | 48.24 |
| **Edward Garland** | 31 | 0 | 178 | 10 | 17.8 | 18.6 |
| **Paul O’Brien** | 41 | 4 | 190 | 9 | 21.11 | 27.33 |
| **Richard Beswick** | 51 | 11 | 168 | 8 | 21 | 38.25 |
| **Steve Larkin** | 25.4 | 10 | 52 | 5 | 10.4 | 30.48 |
| **Paul O’Mahony** | 31 | 5 | 127 | 5 | 25.4 | 37.2 |
| **William Calvert** | 10 | 1 | 40 | 3 | 13.33 | 20 |
| **John Wallington** | 15 | 1 | 79 | 2 | 39.5 | 45 |
| **John O’Mahony** | 4 | 1 | 16 | 1 | 16 | 24 |
| **Pete Grant** | 7.3 | 0 | 36 | 1 | 36 | 43.8 |
| **Matt Belfrage** | 6 | 0 | 12 | 1 | 12 | 36 |
| **Mark Petre** | 1 | 0 | 7 | 0 | - | - |
| **Kevin Watson** | 2 | 0 | 18 | 0 | - | - |
| **McCullen** | 6 | 0 | 21 | 0 | - | - |
| **Mark Gardiner** | .5 | 0 | 11 | 0 | - | - |
| **Philip Beswick** | 1.1 | 0 | 6 | 0 | - | - |
| **Richard Green** | 2 | 0 | 5 | 0 | - | - |
| **Craig Williams** | 4 | 3 | 3 | 0 | - | - |
| **Steven Hornsby** | 4 | 0 | 27 | 0 | - | - |

## Season Bowling (by ave)

| Player | O | M | Runs | Wkts | Ave | SR |
|:--|:--|:--|:--|:--|:--|
| **Steve Larkin** | 25.4 | 10 | 52 | 5 | 10.4 | 30.48 |
| **Matt Belfrage** | 6 | 0 | 12 | 1 | 12 | 36 |
| **William Calvert** | 10 | 1 | 40 | 3 | 13.33 | 20 |
| **Ian Marshall** | 103 | 27 | 281 | 19 | 14.78 | 32.52 |
| **John O’Mahony** | 4 | 1 | 16 | 1 | 16 | 24 |
| **Edward Garland** | 31 | 0 | 178 | 10 | 17.8 | 18.6 |
| **Richard Beswick** | 51 | 11 | 168 | 8 | 21 | 38.25 |
| **Paul O’Brien** | 41 | 4 | 190 | 9 | 21.11 | 27.33 |
| **Paul O’Mahony** | 31 | 5 | 127 | 5 | 25.4 | 37.2 |
| **Pete Grant** | 7.3 | 0 | 36 | 1 | 36 | 43.8 |
| **Jerry Wright** | 104 | 17 | 436 | 12 | 36.33 | 52 |
| **Richard Earney** | 80.4 | 8 | 387 | 10 | 38.7 | 48.24 |
| **John Wallington** | 15 | 1 | 79 | 2 | 39.5 | 45 |

## Career Bowling (by ave)

| Player | Mat | O | M | R | W | Ave | SR |
|:---|:---|:---|:---|:---|:---|:---|
| **Richard Beswick** | 224 | 1196.2 | 222 | 3458 | 236 | 17.54 | 30.42 |
| **Jerry Wright** | 182 | 1320.2 | 216 | 530 | 228 | 20.21 | 34.75 |
| **Ian Marshall** | 117 | 1012.1 | 244 | 1751 | 180 | 16.53 | 33.74 |
| **William Calvert** | 174 | 605.3 | 81 | 2220 | 136 | 20.11 | 26.71 |
| **Edward Garland** | 98 | 354.4 | 26 | 914 | 88 | 19.91 | 24.18 |
| **Richard Earney** | 121 | 437.1 | 40 | 2563 | 83 | 26.33 | 31.60 |
| **Alan Sylvester** | 56 | 373.1 | 66 | 380 | 74 | 18.95 | 30.26 |
| **Andrew MacFarlane** | 34 | 329 | 70 | 530 | 68 | 15.31 | 29.03 |
| **Mark Kirwan** | 41 | 334.3 | 60 | 356 | 68 | 16.34 | 29.51 |
| **Richard Olver** | 45 | 298 | 69 | 287 | 49 | 19.00 | 36.49 |
| **Graeme Wright** | 46 | 309 | 50 | 167 | 45 | 23.22 | 41.20 |
| **Andrew Gallagher** | 88 | 135.3 | 11 | 2135 | 38 | 19.21 | 21.39 |
| **Steven Hornsby** | 46 | 158.4 | 13 | 1536 | 37 | 21.24 | 25.73 |
| **Tony Purves** | 18 | 112.2 | 14 | 459 | 36 | 13.56 | 18.72 |
| **Mark Gardiner** | 94 | 138.5 | 11 | 536 | 33 | 18.00 | 25.24 |
| **Phil Bentley** | 19 | 166.3 | 30 | 683 | 31 | 16.71 | 32.23 |
| **Steve Masterson** | 18 | 169.1 | 32 | 21 | 27 | 20.93 | 37.59 |
| **Mark Taylor** | 15 | 102 | 25 | 495 | 22 | 14.50 | 27.82 |


## Career Bowling (by ave)

| Player | Mat | O | M | R | W | Ave | SR |
|:---|:---|:---|:---|:---|:---|:---|
| **Tony Purves** | 18 | 112.2 | 14 | 459 | 36 | 13.56 | 18.72 |
| **Mark Taylor** | 15 | 102 | 25 | 495 | 22 | 14.50 | 27.82 |
| **Andrew MacFarlane** | 34 | 329 | 70 | 530 | 68 | 15.31 | 29.03 |
| **Mark Kirwan** | 41 | 334.3 | 60 | 356 | 68 | 16.34 | 29.51 |
| **Ian Marshall** | 117 | 1012.1 | 244 | 1751 | 180 | 16.53 | 33.74 |
| **Phil Bentley** | 19 | 166.3 | 30 | 683 | 31 | 16.71 | 32.23 |
| **Richard Beswick** | 224 | 1196.2 | 222 | 3458 | 236 | 17.54 | 30.42 |
| **Mark Gardiner** | 94 | 138.5 | 11 | 536 | 33 | 18.00 | 25.24 |
| **Alan Sylvester** | 56 | 373.1 | 66 | 380 | 74 | 18.95 | 30.26 |
| **Richard Olver** | 45 | 298 | 69 | 287 | 49 | 19.00 | 36.49 |
| **Andrew Gallagher** | 88 | 135.3 | 11 | 2135 | 38 | 19.21 | 21.39 |
| **Edward Garland** | 98 | 354.4 | 26 | 914 | 88 | 19.91 | 24.18 |
| **William Calvert** | 174 | 605.3 | 81 | 2220 | 136 | 20.11 | 26.71 |
| **Jerry Wright** | 182 | 1320.2 | 216 | 530 | 228 | 20.21 | 34.75 |
| **Steve Masterson** | 18 | 169.1 | 32 | 21 | 27 | 20.93 | 37.59 |
| **Steven Hornsby** | 46 | 158.4 | 13 | 1536 | 37 | 21.24 | 25.73 |
| **Graeme Wright** | 46 | 309 | 50 | 167 | 45 | 23.22 | 41.20 |
| **Richard Earney** | 121 | 437.1 | 40 | 2563 | 83 | 26.33 | 31.60 |
