---
layout: default
title: 2000 Statistics
nav_order: 42
parent: Statistics
---

# {{page.title}}

(Career Qualification 200 runs; 20 wkts)

<details open markdown="block">
  {: .text-delta }
1. TOC
{:toc}
</details>

## Season Batting

| Player | Inns | No | Runs | Ave |
|:--|:--|:--|:--|:--|
| **Richard Earney** | 11 | 2 | 299 | 33.22 |
| **Steven Hornsby** | 3 | 3 | 218 | - |
| **Richard Beswick** | 11 | 3 | 217 | 27.12 |
| **Richard Kitson** | 7 | 2 | 146 | 29.2 |
| **Ian Marshall** | 7 | 2 | 131 | 26.2 |
| **William Calvert** | 4 | 2 | 105 | 52.5 |
| **Jim Grant** | 5 | 1 | 103 | 25.75 |
| **Pete Grant** | 7 | 0 | 102 | 14.57 |
| **Richard Green** | 7 | 0 | 65 | 9.28 |
| **James Hylton** | 1 | 0 | 54 | 54 |
| **Edward Garland** | 5 | 1 | 40 | 10 |
| **Henry Archer** | 1 | 0 | 24 | 24 |
| **Philip Beswick** | 3 | 0 | 16 | 5.33 |
| **Nicholas Beswick** | 1 | 0 | 15 | 15 |
| **Paul O’Brien** | 3 | 0 | 12 | 4 |
| **William Rowland** | 1 | 0 | 12 | 12 |
| **Thomas Riley** | 1 | 0 | 12 | 12 |
| **Matt Belfrage** | 2 | 0 | 11 | 5.5 |
| **Tim Horsey** | 3 | 0 | 9 | 3 |
| **Franklyn Barrett** | 1 | 1 | 9 | - |
| **Mark Petre** | 1 | 0 | 6 | 6 |
| **Edward Harcourt** | 1 | 0 | 5 | 5 |
| **James Statham** | 1 | 0 | 3 | 3 |
| **Steve Masterson** | 1 | 1 | 2 | - |
| **David Runnals (artist)** | 1 | 1 | 0 | - |
| **Alex Fortesque** | 1 | 0 | 0 | 0 |
| **Al Desaram** | 0 | 0 | 0 | - |
| **Stuart Vincent** | 0 | 0 | 0 | - |
| **Jerry Wright** | 0 | 0 | 0 | - |
| **Conway Allchorne** | 0 | 0 | 0 | - |
| **Andrew Gordon** | 1 | 0 | 0 | 0 |
| **Paul O’Mahony** | 0 | 0 | 0 | - |
| **David Jones** | 0 | 0 | 0 | - |
| **Taylor** | 0 | 0 | 0 | - |

## Season Batting (by ave)

| Player | Inns | No | Runs | Ave |
|:--|:--|:--|:--|:--|
| **James Hylton** | 1 | 0 | 54 | 54 |
| **William Calvert** | 4 | 2 | 105 | 52.5 |
| **Richard Earney** | 11 | 2 | 299 | 33.22 |
| **Richard Kitson** | 7 | 2 | 146 | 29.2 |
| **Richard Beswick** | 11 | 3 | 217 | 27.12 |
| **Ian Marshall** | 7 | 2 | 131 | 26.2 |
| **Jim Grant** | 5 | 1 | 103 | 25.75 |
| **Henry Archer** | 1 | 0 | 24 | 24 |
| **Nicholas Beswick** | 1 | 0 | 15 | 15 |
| **Pete Grant** | 7 | 0 | 102 | 14.57 |
| **William Rowland** | 1 | 0 | 12 | 12 |
| **Thomas Riley** | 1 | 0 | 12 | 12 |
| **Edward Garland** | 5 | 1 | 40 | 10 |
| **Richard Green** | 7 | 0 | 65 | 9.28 |
| **Mark Petre** | 1 | 0 | 6 | 6 |
| **Matt Belfrage** | 2 | 0 | 11 | 5.5 |
| **Philip Beswick** | 3 | 0 | 16 | 5.33 |
| **Edward Harcourt** | 1 | 0 | 5 | 5 |
| **Paul O’Brien** | 3 | 0 | 12 | 4 |
| **Tim Horsey** | 3 | 0 | 9 | 3 |
| **James Statham** | 1 | 0 | 3 | 3 |
| **Alex Fortesque** | 1 | 0 | 0 | 0 |
| **Andrew Gordon** | 1 | 0 | 0 | 0 |
| **David Runnals (artist)** | 1 | 1 | 0 | - |
| **Steve Masterson** | 1 | 1 | 2 | - |
| **Steven Hornsby** | 3 | 3 | 218 | - |
| **Al Desaram** | 0 | 0 | 0 | - |
| **Stuart Vincent** | 0 | 0 | 0 | - |
| **Franklyn Barrett** | 1 | 1 | 9 | - |
| **Jerry Wright** | 0 | 0 | 0 | - |
| **Conway Allchorne** | 0 | 0 | 0 | - |
| **Paul O’Mahony** | 0 | 0 | 0 | - |
| **David Jones** | 0 | 0 | 0 | - |
| **Taylor** | 0 | 0 | 0 | - |

## Career Batting

| Player | Mat | Inns | No | Runs | Ave |
|:---|:---|:---|:---|:---|:---|
| **Richard Beswick** | 236 | 217 | 40 | 3675 | 20.76 |
| **Richard Earney** | 132 | 128 | 9 | 2862 | 24.05 |
| **Jim Grant** | 199 | 180 | 20 | 2707 | 16.92 |
| **William Calvert** | 178 | 164 | 22 | 2325 | 16.37 |
| **Andrew Gallagher** | 88 | 85 | 3 | 2135 | 26.04 |
| **Ian Marshall** | 127 | 101 | 13 | 1882 | 21.39 |
| **Steven Hornsby** | 50 | 47 | 6 | 1754 | 42.78 |
| **Simon Barrowcliff** | 66 | 63 | 5 | 1409 | 24.29 |
| **Edward Garland** | 105 | 84 | 19 | 954 | 14.68 |
| **David Swann** | 21 | 20 | 5 | 755 | 50.33 |
| **Phil Bentley** | 19 | 18 | 2 | 683 | 42.69 |
| **Will Wright** | 24 | 23 | 2 | 579 | 27.57 |
| **Martin Breddy** | 15 | 15 | 0 | 565 | 37.67 |
| **James Hylton** | 9 | 8 | 2 | 542 | 90.33 |
| **Mark Gardiner** | 94 | 78 | 13 | 536 | 8.25 |
| **Andrew MacFarlane** | 34 | 30 | 0 | 530 | 17.67 |
| **Jerry Wright** | 186 | 95 | 34 | 530 | 8.69 |
| **Mark Taylor** | 15 | 15 | 2 | 495 | 38.08 |
| **David Young** | 90 | 67 | 18 | 493 | 10.06 |
| **Tony Purves** | 18 | 16 | 5 | 459 | 41.73 |
| **Pete Grant** | 57 | 53 | 6 | 437 | 9.30 |
| **Mark Petre** | 26 | 26 | 3 | 435 | 18.91 |
| **Alan Sylvester** | 56 | 35 | 16 | 380 | 20.00 |
| **Stuart Watson** | 14 | 14 | 4 | 370 | 37.00 |
| **Mark Kirwan** | 41 | 28 | 5 | 356 | 15.48 |
| **William Chapman** | 25 | 24 | 3 | 341 | 16.24 |
| **Andrew Fielding** | 39 | 35 | 2 | 340 | 10.30 |
| **Richard Olver** | 45 | 30 | 14 | 287 | 17.94 |
| **John Packenham-Walsh** | 11 | 9 | 2 | 261 | 37.29 |
| **John Stimpfig** | 28 | 21 | 3 | 250 | 13.89 |
| **James Booth** | 9 | 9 | 1 | 235 | 29.38 |
| **Tim Horsey** | 40 | 37 | 8 | 222 | 7.66 |

## Career Batting (by Ave)

| Player | Mat | Inns | No | Runs | Ave |
|:---|:---|:---|:---|:---|:---|
| **James Hylton** | 9 | 8 | 2 | 542 | 90.33 |
| **David Swann** | 21 | 20 | 5 | 755 | 50.33 |
| **Steven Hornsby** | 50 | 47 | 6 | 1754 | 42.78 |
| **Phil Bentley** | 19 | 18 | 2 | 683 | 42.69 |
| **Tony Purves** | 18 | 16 | 5 | 459 | 41.73 |
| **Mark Taylor** | 15 | 15 | 2 | 495 | 38.08 |
| **Martin Breddy** | 15 | 15 | 0 | 565 | 37.67 |
| **John Packenham-Walsh** | 11 | 9 | 2 | 261 | 37.29 |
| **Stuart Watson** | 14 | 14 | 4 | 370 | 37.00 |
| **James Booth** | 9 | 9 | 1 | 235 | 29.38 |
| **Will Wright** | 24 | 23 | 2 | 579 | 27.57 |
| **Andrew Gallagher** | 88 | 85 | 3 | 2135 | 26.04 |
| **Simon Barrowcliff** | 66 | 63 | 5 | 1409 | 24.29 |
| **Richard Earney** | 132 | 128 | 9 | 2862 | 24.05 |
| **Ian Marshall** | 127 | 101 | 13 | 1882 | 21.39 |
| **Richard Beswick** | 236 | 217 | 40 | 3675 | 20.76 |
| **Alan Sylvester** | 56 | 35 | 16 | 380 | 20.00 |
| **Mark Petre** | 26 | 26 | 3 | 435 | 18.91 |
| **Richard Olver** | 45 | 30 | 14 | 287 | 17.94 |
| **Andrew MacFarlane** | 34 | 30 | 0 | 530 | 17.67 |
| **Jim Grant** | 199 | 180 | 20 | 2707 | 16.92 |
| **William Calvert** | 178 | 164 | 22 | 2325 | 16.37 |
| **William Chapman** | 25 | 24 | 3 | 341 | 16.24 |
| **Mark Kirwan** | 41 | 28 | 5 | 356 | 15.48 |
| **Edward Garland** | 105 | 84 | 19 | 954 | 14.68 |
| **John Stimpfig** | 28 | 21 | 3 | 250 | 13.89 |
| **Andrew Fielding** | 39 | 35 | 2 | 340 | 10.30 |
| **David Young** | 90 | 67 | 18 | 493 | 10.06 |
| **Pete Grant** | 57 | 53 | 6 | 437 | 9.30 |
| **Jerry Wright** | 186 | 95 | 34 | 530 | 8.69 |
| **Mark Gardiner** | 94 | 78 | 13 | 536 | 8.25 |
| **Tim Horsey** | 40 | 37 | 8 | 222 | 7.66 |

## Season Bowling

| Player | O | M | Runs | Wkts | Ave | SR |
|:--|:--|:--|:--|:--|:--|
| **Richard Green** | 88 | 15 | 262 | 25 | 10.48 | 21.12 |
| **Richard Beswick** | 55.4 | 13 | 170 | 19 | 8.94 | 17.49 |
| **Jerry Wright** | 28 | 3 | 122 | 6 | 20.33 | 28 |
| **Richard Earney** | 37 | 5 | 159 | 5 | 31.8 | 44.4 |
| **Ian Marshall** | 84.6 | 37 | 166 | 5 | 33.2 | 101.52 |
| **Paul O’Brien** | 32 | 3 | 123 | 5 | 24.6 | 38.4 |
| **Al Desaram** | 31.1 | 11 | 73 | 5 | 14.6 | 37.32 |
| **Edward Garland** | 19 | 3 | 56 | 4 | 14 | 28.5 |
| **Paul O’Mahony** | 5 | 2 | 9 | 4 | 2.25 | 7.5 |
| **Richard Kitson** | 12 | 2 | 23 | 2 | 11.5 | 36 |
| **Steve Masterson** | 16 | 3 | 34 | 2 | 17 | 48 |
| **Franklyn Barrett** | 6 | 0 | 19 | 2 | 9.5 | 18 |
| **James Statham** | 6 | 0 | 24 | 2 | 12 | 18 |
| **William Rowland** | 1 | 0 | 2 | 1 | 2 | 6 |
| **Conway Allchorne** | 7 | 0 | 30 | 1 | 30 | 42 |
| **Thomas Riley** | 4 | 0 | 25 | 1 | 25 | 24 |
| **Philip Beswick** | 8.3 | 0 | 55 | 0 | - | - |
| **Steven Hornsby** | 3 | 0 | 15 | 0 | - | - |
| **Edward Harcourt** | 3 | 0 | 16 | 0 | - | - |

## Season Bowling

| Player | O | M | Runs | Wkts | Ave | SR |
|:--|:--|:--|:--|:--|:--|
| **William Rowland** | 1 | 0 | 2 | 1 | 2 | 6 |
| **Paul O’Mahony** | 5 | 2 | 9 | 4 | 2.25 | 7.5 |
| **Richard Beswick** | 55.4 | 13 | 170 | 19 | 8.94 | 17.49 |
| **Franklyn Barrett** | 6 | 0 | 19 | 2 | 9.5 | 18 |
| **Richard Green** | 88 | 15 | 262 | 25 | 10.48 | 21.12 |
| **Richard Kitson** | 12 | 2 | 23 | 2 | 11.5 | 36 |
| **James Statham** | 6 | 0 | 24 | 2 | 12 | 18 |
| **Edward Garland** | 19 | 3 | 56 | 4 | 14 | 28.5 |
| **Al Desaram** | 31.1 | 11 | 73 | 5 | 14.6 | 37.32 |
| **Steve Masterson** | 16 | 3 | 34 | 2 | 17 | 48 |
| **Jerry Wright** | 28 | 3 | 122 | 6 | 20.33 | 28 |
| **Paul O’Brien** | 32 | 3 | 123 | 5 | 24.6 | 38.4 |
| **Thomas Riley** | 4 | 0 | 25 | 1 | 25 | 24 |
| **Conway Allchorne** | 7 | 0 | 30 | 1 | 30 | 42 |
| **Richard Earney** | 37 | 5 | 159 | 5 | 31.8 | 44.4 |
| **Ian Marshall** | 84.6 | 37 | 166 | 5 | 33.2 | 101.52 |

## Career Bowling (by ave)

| Player | Mat | O | M | R | W | Ave | SR |
|:---|:---|:---|:---|:---|:---|:---|
| **Richard Beswick** | 236 | 1252 | 235 | 3675 | 255 | 16.90 | 29.46 |
| **Jerry Wright** | 186 | 1348.2 | 219 | 530 | 234 | 20.22 | 34.57 |
| **Ian Marshall** | 127 | 1097.1 | 281 | 1882 | 185 | 16.98 | 35.58 |
| **William Calvert** | 178 | 605.3 | 81 | 2325 | 136 | 20.11 | 26.71 |
| **Edward Garland** | 105 | 373.4 | 29 | 954 | 92 | 19.65 | 24.37 |
| **Richard Earney** | 132 | 474.1 | 45 | 2862 | 88 | 26.64 | 32.33 |
| **Alan Sylvester** | 56 | 373.1 | 66 | 380 | 74 | 18.95 | 30.26 |
| **Andrew MacFarlane** | 34 | 329 | 70 | 530 | 68 | 15.31 | 29.03 |
| **Mark Kirwan** | 41 | 334.3 | 60 | 356 | 68 | 16.34 | 29.51 |
| **Richard Olver** | 45 | 298 | 69 | 287 | 49 | 19.00 | 36.49 |
| **Graeme Wright** | 46 | 309 | 50 | 167 | 45 | 23.22 | 41.20 |
| **Andrew Gallagher** | 88 | 135.3 | 11 | 2135 | 38 | 19.21 | 21.39 |
| **Steven Hornsby** | 50 | 161.4 | 13 | 1754 | 37 | 21.65 | 26.22 |
| **Tony Purves** | 18 | 112.2 | 14 | 459 | 36 | 13.56 | 18.72 |
| **Mark Gardiner** | 94 | 138.5 | 11 | 536 | 33 | 18.00 | 25.24 |
| **Phil Bentley** | 19 | 166.3 | 30 | 683 | 31 | 16.71 | 32.23 |
| **Steve Masterson** | 20 | 185.1 | 35 | 23 | 29 | 20.66 | 38.31 |
| **Richard Green** | 11 | 90 | 15 | 82 | 25 | 10.68 | 21.60 |
| **Mark Taylor** | 15 | 102 | 25 | 495 | 22 | 14.50 | 27.82 |
| **Paul O'Mahony** | 13 | 92.5 | 15 | 19 | 20 | 15.80 | 27.85 |

## Career Bowling (by ave)

| Player | Mat | O | M | R | W | Ave | SR |
|:---|:---|:---|:---|:---|:---|:---|
| **Richard Green** | 11 | 90 | 15 | 82 | 25 | 10.68 | 21.60 |
| **Tony Purves** | 18 | 112.2 | 14 | 459 | 36 | 13.56 | 18.72 |
| **Mark Taylor** | 15 | 102 | 25 | 495 | 22 | 14.50 | 27.82 |
| **Andrew MacFarlane** | 34 | 329 | 70 | 530 | 68 | 15.31 | 29.03 |
| **Paul O'Mahony** | 13 | 92.5 | 15 | 19 | 20 | 15.80 | 27.85 |
| **Mark Kirwan** | 41 | 334.3 | 60 | 356 | 68 | 16.34 | 29.51 |
| **Phil Bentley** | 19 | 166.3 | 30 | 683 | 31 | 16.71 | 32.23 |
| **Richard Beswick** | 236 | 1252 | 235 | 3675 | 255 | 16.90 | 29.46 |
| **Ian Marshall** | 127 | 1097.1 | 281 | 1882 | 185 | 16.98 | 35.58 |
| **Mark Gardiner** | 94 | 138.5 | 11 | 536 | 33 | 18.00 | 25.24 |
| **Alan Sylvester** | 56 | 373.1 | 66 | 380 | 74 | 18.95 | 30.26 |
| **Richard Olver** | 45 | 298 | 69 | 287 | 49 | 19.00 | 36.49 |
| **Andrew Gallagher** | 88 | 135.3 | 11 | 2135 | 38 | 19.21 | 21.39 |
| **Edward Garland** | 105 | 373.4 | 29 | 954 | 92 | 19.65 | 24.37 |
| **William Calvert** | 178 | 605.3 | 81 | 2325 | 136 | 20.11 | 26.71 |
| **Jerry Wright** | 186 | 1348.2 | 219 | 530 | 234 | 20.22 | 34.57 |
| **Steve Masterson** | 20 | 185.1 | 35 | 23 | 29 | 20.66 | 38.31 |
| **Steven Hornsby** | 50 | 161.4 | 13 | 1754 | 37 | 21.65 | 26.22 |
| **Graeme Wright** | 46 | 309 | 50 | 167 | 45 | 23.22 | 41.20 |
| **Richard Earney** | 132 | 474.1 | 45 | 2862 | 88 | 26.64 | 32.33 |
