---
layout: default
title: 2004 Statistics
nav_order: 38
parent: Statistics
---

# {{page.title}}

## Season Batting

| Player | Inns | No | Runs | Ave |
|:--|:--|:--|:--|:--|
| **Richard Earney** | 14 | 1 | 483 | 37.15 |
| **Richard Beswick** | 11 | 3 | 284 | 35.5 |
| **Harry Ingham** | 7 | 1 | 227 | 37.83 |
| **Jim Grant** | 10 | 2 | 177 | 22.13 |
| **Martin Goff** | 3 | 0 | 157 | 52.33 |
| **Andrew Slight** | 9 | 1 | 131 | 16.38 |
| **Simon Barrowcliff** | 3 | 1 | 79 | 39.5 |
| **Richard Green** | 2 | 1 | 57 | 57 |
| **Richard Coyle** | 7 | 2 | 49 | 9.8 |
| **Edward Garland** | 4 | 2 | 48 | 24 |
| **William Calvert** | 3 | 2 | 29 | 29 |
| **Joel Smith** | 4 | 0 | 28 | 7 |
| **Jerry Wright** | 5 | 1 | 26 | 6.5 |
| **Ian Marshall** | 1 | 1 | 26 | - |
| **Pete Grant** | 6 | 2 | 25 | 6.25 |
| **Steve Masterson** | 2 | 0 | 24 | 12 |
| **Mark Gardiner** | 2 | 1 | 18 | 18 |
| **Nigel Putt** | 2 | 0 | 18 | 9 |
| **Richard Kitson** | 2 | 0 | 13 | 6.5 |
| **Peter Webb** | 1 | 0 | 10 | 10 |
| **David Hambidge** | 1 | 0 | 8 | 8 |
| **Andy Routley** | 1 | 0 | 5 | 5 |
| **Boris Hopewell** | 1 | 0 | 5 | 5 |
| **Mark Lockyear** | 1 | 0 | 4 | 4 |
| **Dan Ward** | 1 | 0 | 2 | 2 |
| **Graeme Wright** | 1 | 0 | 1 | 1 |
| **Dylan James** | 1 | 0 | 1 | 1 |
| **Gareth Powell** | 2 | 0 | 1 | .5 |
| **Phill Jones** | 1 | 0 | 0 | 0 |
| **Sam Hinton-Smith** | 1 | 1 | 0 | - |
| **Paul O’Mahony** | 0 | 0 | 0 | - |
| **Pete Bramhill** | 1 | 0 | 0 | 0 |
| **Andrew Gallagher** | 1 | 0 | 0 | 0 |
| **Thomas Barrowcliff** | 0 | 0 | 0 | - |
| **Tim Horsey** | 1 | 0 | 0 | 0 |
| **Thomas Riley** | 0 | 0 | 0 | - |
| **Robert Owen** | 1 | 0 | 0 | 0 |
| **Alexander Naunton-Davies** | 1 | 0 | 0 | 0 |
| **John Naunton-Davies** | 1 | 1 | 0 | - |
| **Mark Mason** | 1 | 0 | 0 | 0 |

## Season Batting (by ave)

| Player | Inns | No | Runs | Ave |
|:--|:--|:--|:--|:--|
| **Richard Green** | 2 | 1 | 57 | 57 |
| **Martin Goff** | 3 | 0 | 157 | 52.33 |
| **Simon Barrowcliff** | 3 | 1 | 79 | 39.5 |
| **Harry Ingham** | 7 | 1 | 227 | 37.83 |
| **Richard Earney** | 14 | 1 | 483 | 37.15 |
| **Richard Beswick** | 11 | 3 | 284 | 35.5 |
| **William Calvert** | 3 | 2 | 29 | 29 |
| **Edward Garland** | 4 | 2 | 48 | 24 |
| **Jim Grant** | 10 | 2 | 177 | 22.13 |
| **Mark Gardiner** | 2 | 1 | 18 | 18 |
| **Andrew Slight** | 9 | 1 | 131 | 16.38 |
| **Steve Masterson** | 2 | 0 | 24 | 12 |
| **Peter Webb** | 1 | 0 | 10 | 10 |
| **Richard Coyle** | 7 | 2 | 49 | 9.8 |
| **Nigel Putt** | 2 | 0 | 18 | 9 |
| **David Hambidge** | 1 | 0 | 8 | 8 |
| **Joel Smith** | 4 | 0 | 28 | 7 |
| **Jerry Wright** | 5 | 1 | 26 | 6.5 |
| **Richard Kitson** | 2 | 0 | 13 | 6.5 |
| **Pete Grant** | 6 | 2 | 25 | 6.25 |
| **Andy Routley** | 1 | 0 | 5 | 5 |
| **Boris Hopewell** | 1 | 0 | 5 | 5 |
| **Mark Lockyear** | 1 | 0 | 4 | 4 |
| **Dan Ward** | 1 | 0 | 2 | 2 |
| **Graeme Wright** | 1 | 0 | 1 | 1 |
| **Dylan James** | 1 | 0 | 1 | 1 |
| **Gareth Powell** | 2 | 0 | 1 | .5 |
| **Phill Jones** | 1 | 0 | 0 | 0 |
| **Pete Bramhill** | 1 | 0 | 0 | 0 |
| **Andrew Gallagher** | 1 | 0 | 0 | 0 |
| **Tim Horsey** | 1 | 0 | 0 | 0 |
| **Robert Owen** | 1 | 0 | 0 | 0 |
| **Alexander Naunton-Davies** | 1 | 0 | 0 | 0 |
| **Mark Mason** | 1 | 0 | 0 | 0 |
| **Ian Marshall** | 1 | 1 | 26 | - |
| **Sam Hinton-Smith** | 1 | 1 | 0 | - |
| **Paul O’Mahony** | 0 | 0 | 0 | - |
| **Thomas Barrowcliff** | 0 | 0 | 0 | - |
| **Thomas Riley** | 0 | 0 | 0 | - |
| **John Naunton-Davies** | 1 | 1 | 0 | - |

## Season Bowling

| Player | O | M | Runs | Wkts | Ave | SR |
|:--|:--|:--|:--|:--|:--|
| **Jerry Wright** | 109 | 15 | 475 | 20 | 23.75 | 32.7 |
| **Harry Ingham** | 74 | 19 | 179 | 9 | 19.89 | 49.33 |
| **Edward Garland** | 35.4 | 2 | 158 | 9 | 17.56 | 23.6 |
| **Richard Earney** | 44 | 2 | 198 | 8 | 24.75 | 33 |
| **Nigel Putt** | 26 | 3 | 88 | 6 | 14.67 | 26 |
| **Ian Marshall** | 62 | 10 | 204 | 5 | 40.8 | 74.4 |
| **Richard Beswick** | 55.3 | 11 | 185 | 3 | 61.67 | 110.6 |
| **Steve Masterson** | 19 | 2 | 83 | 3 | 27.67 | 38 |
| **Robert Owen** | 10 | 1 | 46 | 3 | 15.33 | 20 |
| **Peter Webb** | 12 | 1 | 59 | 3 | 19.67 | 24 |
| **Richard Green** | 13.6 | 1 | 67 | 2 | 33.5 | 40.8 |
| **Joel Smith** | 4 | 0 | 17 | 1 | 17 | 24 |
| **Graeme Wright** | 8 | 2 | 15 | 1 | 15 | 48 |
| **Andy Routley** | 3 | 0 | 19 | 1 | 19 | 18 |
| **Mark Lockyear** | 2 | 0 | 25 | 1 | 25 | 12 |
| **Paul O’Mahony** | 19 | 5 | 81 | 1 | 81 | 114 |
| **Gareth Powell** | 16 | 1 | 65 | 1 | 65 | 96 |
| **Mark Gardiner** | 1 | 0 | 9 | 0 | - | - |
| **William Calvert** | 7 | 2 | 19 | 0 | - | - |
| **Dylan James** | 2 | 0 | 19 | 0 | - | - |
| **Boris Hopewell** | 3 | 0 | 11 | 0 | - | - |

## Season Bowling (by ave)

| Player | O | M | Runs | Wkts | Ave | SR |
|:--|:--|:--|:--|:--|:--|
| **Graeme Wright** | 8 | 2 | 15 | 1 | 15 | 48 |
| **Robert Owen** | 10 | 1 | 46 | 3 | 15.33 | 20 |
| **Joel Smith** | 4 | 0 | 17 | 1 | 17 | 24 |
| **Edward Garland** | 35.4 | 2 | 158 | 9 | 17.56 | 23.6 |
| **Andy Routley** | 3 | 0 | 19 | 1 | 19 | 18 |
| **Peter Webb** | 12 | 1 | 59 | 3 | 19.67 | 24 |
| **Harry Ingham** | 74 | 19 | 179 | 9 | 19.89 | 49.33 |
| **Jerry Wright** | 109 | 15 | 475 | 20 | 23.75 | 32.7 |
| **Richard Earney** | 44 | 2 | 198 | 8 | 24.75 | 33 |
| **Mark Lockyear** | 2 | 0 | 25 | 1 | 25 | 12 |
| **Steve Masterson** | 19 | 2 | 83 | 3 | 27.67 | 38 |
| **Richard Green** | 13.6 | 1 | 67 | 2 | 33.5 | 40.8 |
| **Ian Marshall** | 62 | 10 | 204 | 5 | 40.8 | 74.4 |
| **Richard Beswick** | 55.3 | 11 | 185 | 3 | 61.67 | 110.6 |
| **Gareth Powell** | 16 | 1 | 65 | 1 | 65 | 96 |
| **Paul O’Mahony** | 19 | 5 | 81 | 1 | 81 | 114 |

## Career Batting

| Player | M | Inns | NOs | Runs | Ave |
|:---|:---|:---|:---|:---|:---|
| **Richard Earney** | 181 | 175 | 14 | 4481 | 27.83 |
| **Richard Beswick** | 285 | 258 | 47 | 4401 | 20.86 |
| **Jim Grant** | 241 | 215 | 26 | 3551 | 18.79 |
| **William Calvert** | 197 | 180 | 25 | 2478 | 15.99 |
| **Ian Marshall** | 156 | 117 | 17 | 2176 | 21.76 |
| **Andrew Gallagher** | 93 | 89 | 4 | 2126 | 25.01 |
| **Steven Hornsby** | 62 | 59 | 7 | 2109 | 40.56 |
| **Simon Barrowcliff** | 70 | 67 | 6 | 1560 | 25.57 |
| **Edward Garland** | 130 | 97 | 23 | 1056 | 14.27 |
| **David Swann** | 21 | 20 | 5 | 755 | 50.33 |
| **Phil Bentley** | 19 | 18 | 2 | 683 | 42.69 |
| **Jerry Wright** | 220 | 114 | 42 | 628 | 8.72 |
| **Pete Grant** | 88 | 80 | 11 | 623 | 9.03 |
| **Martin Breddy** | 15 | 15 | 0 | 565 | 37.67 |
| **Mark Gardiner** | 96 | 80 | 14 | 554 | 8.39 |
| **James Hylton** | 9 | 8 | 2 | 542 | 90.33 |
| **Will Wright** | 23 | 22 | 1 | 540 | 25.71 |
| **Andrew MacFarlane** | 34 | 30 | 0 | 530 | 17.67 |
| **Mark Taylor** | 15 | 15 | 2 | 495 | 38.08 |
| **David Young** | 91 | 67 | 18 | 493 | 10.06 |
| **Richard Kitson** | 28 | 28 | 3 | 460 | 18.40 |
| **Tony Purves** | 18 | 16 | 5 | 459 | 41.73 |
| **Mark Petre** | 27 | 27 | 3 | 437 | 18.21 |
| **Andrew Slight** | 42 | 32 | 3 | 431 | 14.86 |
| **Alan Sylvester** | 57 | 35 | 16 | 380 | 20.00 |
| **Stuart Watson** | 14 | 14 | 4 | 370 | 37.00 |
| **Mark Kirwan** | 42 | 28 | 5 | 356 | 15.48 |
| **William Chapman** | 25 | 24 | 3 | 341 | 16.24 |
| **Andrew Fielding** | 39 | 35 | 2 | 340 | 10.30 |
| **Richard Olver** | 45 | 30 | 14 | 287 | 17.94 |
| **John Packenham-Walsh** | 11 | 9 | 2 | 261 | 37.29 |
| **John Stimpfig** | 28 | 21 | 3 | 250 | 13.89 |

## Career Batting (by ave)

| Player | M | Inns | NOs | Runs | Ave |
|:---|:---|:---|:---|:---|:---|
| **James Hylton** | 9 | 8 | 2 | 542 | 90.33 |
| **David Swann** | 21 | 20 | 5 | 755 | 50.33 |
| **Phil Bentley** | 19 | 18 | 2 | 683 | 42.69 |
| **Tony Purves** | 18 | 16 | 5 | 459 | 41.73 |
| **Steven Hornsby** | 62 | 59 | 7 | 2109 | 40.56 |
| **Mark Taylor** | 15 | 15 | 2 | 495 | 38.08 |
| **Martin Breddy** | 15 | 15 | 0 | 565 | 37.67 |
| **John Packenham-Walsh** | 11 | 9 | 2 | 261 | 37.29 |
| **Stuart Watson** | 14 | 14 | 4 | 370 | 37.00 |
| **Richard Earney** | 181 | 175 | 14 | 4481 | 27.83 |
| **Will Wright** | 23 | 22 | 1 | 540 | 25.71 |
| **Simon Barrowcliff** | 70 | 67 | 6 | 1560 | 25.57 |
| **Andrew Gallagher** | 93 | 89 | 4 | 2126 | 25.01 |
| **Ian Marshall** | 156 | 117 | 17 | 2176 | 21.76 |
| **Richard Beswick** | 285 | 258 | 47 | 4401 | 20.86 |
| **Alan Sylvester** | 57 | 35 | 16 | 380 | 20.00 |
| **Jim Grant** | 241 | 215 | 26 | 3551 | 18.79 |
| **Richard Kitson** | 28 | 28 | 3 | 460 | 18.40 |
| **Mark Petre** | 27 | 27 | 3 | 437 | 18.21 |
| **Richard Olver** | 45 | 30 | 14 | 287 | 17.94 |
| **Andrew MacFarlane** | 34 | 30 | 0 | 530 | 17.67 |
| **William Chapman** | 25 | 24 | 3 | 341 | 16.24 |
| **William Calvert** | 197 | 180 | 25 | 2478 | 15.99 |
| **Mark Kirwan** | 42 | 28 | 5 | 356 | 15.48 |
| **Andrew Slight** | 42 | 32 | 3 | 431 | 14.86 |
| **Edward Garland** | 130 | 97 | 23 | 1056 | 14.27 |
| **John Stimpfig** | 28 | 21 | 3 | 250 | 13.89 |
| **Andrew Fielding** | 39 | 35 | 2 | 340 | 10.30 |
| **David Young** | 91 | 67 | 18 | 493 | 10.06 |
| **Pete Grant** | 88 | 80 | 11 | 623 | 9.03 |
| **Jerry Wright** | 220 | 114 | 42 | 628 | 8.72 |
| **Mark Gardiner** | 96 | 80 | 14 | 554 | 8.39 |

## Career Bowling

| Player | M | O | M | R | W | Ave | SR |
|:---|:---|:---|:---|:---|:---|:---|:---|
| **Jerry Wright** | 220 | 1585.5 | 254 | 628 | 290 | 20.08 | 32.80 |
| **Richard Beswick** | 285 | 1489.8 | 276 | 4401 | 283 | 18.14 | 31.59 |
| **Ian Marshall** | 156 | 1399.9 | 354 | 2176 | 231 | 17.26 | 36.36 |
| **William Calvert** | 197 | 637.5 | 85 | 2478 | 144 | 20.05 | 26.56 |
| **Richard Earney** | 181 | 662.8 | 72 | 4481 | 130 | 24.46 | 30.59 |
| **Edward Garland** | 130 | 464.2 | 37 | 1056 | 118 | 19.22 | 23.60 |
| **Alan Sylvester** | 57 | 377.1 | 66 | 380 | 76 | 18.63 | 29.77 |
| **Mark Kirwan** | 42 | 339.3 | 60 | 356 | 70 | 16.24 | 29.08 |
| **Andrew MacFarlane** | 34 | 357.2 | 70 | 530 | 68 | 15.31 | 31.52 |
| **Richard Olver** | 45 | 304 | 69 | 287 | 49 | 19.00 | 37.22 |
| **Richard Green** | 24 | 193.6 | 20 | 268 | 47 | 15.45 | 24.71 |
| **Graeme Wright** | 48 | 334 | 56 | 168 | 46 | 23.41 | 43.57 |
| **Steven Hornsby** | 62 | 175.4 | 14 | 2109 | 40 | 21.68 | 26.31 |
| **Andrew Gallagher** | 93 | 148.1 | 11 | 2126 | 38 | 19.55 | 23.38 |
| **Tony Purves** | 18 | 111.8 | 14 | 459 | 36 | 13.56 | 18.63 |
| **Mark Gardiner** | 96 | 139.5 | 11 | 554 | 33 | 18.27 | 25.36 |
| **Steve Masterson** | 22 | 204.1 | 37 | 47 | 32 | 21.31 | 38.27 |
| **Phil Bentley** | 19 | 165.9 | 30 | 683 | 31 | 16.71 | 32.11 |
| **Gareth Powell** | 23 | 189.3 | 30 | 125 | 27 | 24.48 | 42.07 |
| **Paul O'Mahony** | 16 | 116.5 | 20 | 28 | 21 | 20.48 | 33.29 |

## Career Bowling (by ave)

| Player | M | O | M | R | W | Ave | SR |
|:---|:---|:---|:---|:---|:---|:---|:---|
| **Tony Purves** | 18 | 111.8 | 14 | 459 | 36 | 13.56 | 18.63 |
| **Andrew MacFarlane** | 34 | 357.2 | 70 | 530 | 68 | 15.31 | 31.52 |
| **Richard Green** | 24 | 193.6 | 20 | 268 | 47 | 15.45 | 24.71 |
| **Mark Kirwan** | 42 | 339.3 | 60 | 356 | 70 | 16.24 | 29.08 |
| **Phil Bentley** | 19 | 165.9 | 30 | 683 | 31 | 16.71 | 32.11 |
| **Ian Marshall** | 156 | 1399.9 | 354 | 2176 | 231 | 17.26 | 36.36 |
| **Richard Beswick** | 285 | 1489.8 | 276 | 4401 | 283 | 18.14 | 31.59 |
| **Mark Gardiner** | 96 | 139.5 | 11 | 554 | 33 | 18.27 | 25.36 |
| **Alan Sylvester** | 57 | 377.1 | 66 | 380 | 76 | 18.63 | 29.77 |
| **Richard Olver** | 45 | 304 | 69 | 287 | 49 | 19.00 | 37.22 |
| **Edward Garland** | 130 | 464.2 | 37 | 1056 | 118 | 19.22 | 23.60 |
| **Andrew Gallagher** | 93 | 148.1 | 11 | 2126 | 38 | 19.55 | 23.38 |
| **William Calvert** | 197 | 637.5 | 85 | 2478 | 144 | 20.05 | 26.56 |
| **Jerry Wright** | 220 | 1585.5 | 254 | 628 | 290 | 20.08 | 32.80 |
| **Paul O'Mahony** | 16 | 116.5 | 20 | 28 | 21 | 20.48 | 33.29 |
| **Steve Masterson** | 22 | 204.1 | 37 | 47 | 32 | 21.31 | 38.27 |
| **Steven Hornsby** | 62 | 175.4 | 14 | 2109 | 40 | 21.68 | 26.31 |
| **Graeme Wright** | 48 | 334 | 56 | 168 | 46 | 23.41 | 43.57 |
| **Richard Earney** | 181 | 662.8 | 72 | 4481 | 130 | 24.46 | 30.59 |
| **Gareth Powell** | 23 | 189.3 | 30 | 125 | 27 | 24.48 | 42.07 |

