---
layout: default
title: 2005 Statistics
nav_order: 37
parent: Statistics
---

# {{page.title}}

(Career Qualification 200 runs; 20 wkts)

<details open markdown="block">
  {: .text-delta }
1. TOC
{:toc}
</details>

## Season Batting

| Player | Inns | No | Runs | Ave |
|:--|:--|:--|:--|:--|
| **Richard Earney** | 13 | 2 | 603 | 54.82 |
| **Richard Beswick** | 14 | 2 | 241 | 20.08 |
| **Andrew Slight** | 14 | 0 | 176 | 12.57 |
| **Harry Ingham** | 9 | 2 | 149 | 21.29 |
| **Martin Goff** | 5 | 0 | 145 | 29 |
| **Richard Kitson** | 4 | 0 | 139 | 34.75 |
| **William Calvert** | 8 | 0 | 121 | 15.13 |
| **Jim Grant** | 9 | 0 | 113 | 12.56 |
| **Ian Marshall** | 5 | 1 | 92 | 23 |
| **Simon Barrowcliff** | 3 | 0 | 85 | 28.33 |
| **David Hambidge** | 2 | 1 | 77 | 77 |
| **Richard Coyle** | 10 | 4 | 75 | 12.5 |
| **Jerry Wright** | 6 | 0 | 42 | 7 |
| **Richard Green** | 2 | 1 | 33 | 33 |
| **Pete Grant** | 6 | 2 | 32 | 8 |
| **Gareth Powell** | 4 | 4 | 25 | - |
| **Andrew Gallagher** | 2 | 1 | 25 | 25 |
| **Fred Ingham** | 2 | 0 | 23 | 11.5 |
| **Boris Hopewell** | 1 | 0 | 23 | 23 |
| **James Kenny** | 2 | 1 | 17 | 17 |
| **Will Wilkin** | 1 | 1 | 15 | - |
| **Thomas Riley** | 2 | 0 | 13 | 6.5 |
| **Ted Ingham** | 2 | 0 | 11 | 5.5 |
| **Richard O’Hagan** | 3 | 1 | 6 | 3 |
| **Philip Beswick** | 2 | 0 | 6 | 3 |
| **Nick Coleman** | 1 | 0 | 4 | 4 |
| **Alf Beswick** | 1 | 0 | 3 | 3 |
| **Paul O’Mahony** | 4 | 1 | 2 | .67 |
| **Ian Crichton** | 1 | 0 | 1 | 1 |
| **Nicolas Beswick** | 1 | 0 | 1 | 1 |
| **Graeme Wright** | 0 | 0 | 0 | - |
| **James O’Mahony** | 1 | 0 | 0 | 0 |
| **Sam Wilkin** | 1 | 0 | 0 | 0 |
| **Edward Garland** | 1 | 1 | 0 | - |
| **Andrew Holmes** | 1 | 0 | 0 | 0 |
| **Rodger Ingham** | 1 | 1 | 0 | - |
| **Corin Gallagher** | 0 | 0 | 0 | - |
| **Kit Gallagher** | 0 | 0 | 0 | - |
| **Christopher Wright** | 0 | 0 | 0 | - |
| **Christopher Wright** | 0 | 0 | 0 | - |

## Season Batting (by ave)

| Player | Inns | No | Runs | Ave |
|:--|:--|:--|:--|:--|
| **David Hambidge** | 2 | 1 | 77 | 77 |
| **Richard Earney** | 13 | 2 | 603 | 54.82 |
| **Richard Kitson** | 4 | 0 | 139 | 34.75 |
| **Richard Green** | 2 | 1 | 33 | 33 |
| **Martin Goff** | 5 | 0 | 145 | 29 |
| **Simon Barrowcliff** | 3 | 0 | 85 | 28.33 |
| **Andrew Gallagher** | 2 | 1 | 25 | 25 |
| **Ian Marshall** | 5 | 1 | 92 | 23 |
| **Boris Hopewell** | 1 | 0 | 23 | 23 |
| **Harry Ingham** | 9 | 2 | 149 | 21.29 |
| **Richard Beswick** | 14 | 2 | 241 | 20.08 |
| **James Kenny** | 2 | 1 | 17 | 17 |
| **William Calvert** | 8 | 0 | 121 | 15.13 |
| **Andrew Slight** | 14 | 0 | 176 | 12.57 |
| **Jim Grant** | 9 | 0 | 113 | 12.56 |
| **Richard Coyle** | 10 | 4 | 75 | 12.5 |
| **Fred Ingham** | 2 | 0 | 23 | 11.5 |
| **Pete Grant** | 6 | 2 | 32 | 8 |
| **Jerry Wright** | 6 | 0 | 42 | 7 |
| **Thomas Riley** | 2 | 0 | 13 | 6.5 |
| **Ted Ingham** | 2 | 0 | 11 | 5.5 |
| **Nick Coleman** | 1 | 0 | 4 | 4 |
| **Richard O’Hagan** | 3 | 1 | 6 | 3 |
| **Philip Beswick** | 2 | 0 | 6 | 3 |
| **Alf Beswick** | 1 | 0 | 3 | 3 |
| **Ian Crichton** | 1 | 0 | 1 | 1 |
| **Nicolas Beswick** | 1 | 0 | 1 | 1 |
| **Paul O’Mahony** | 4 | 1 | 2 | .67 |
| **James O’Mahony** | 1 | 0 | 0 | 0 |
| **Sam Wilkin** | 1 | 0 | 0 | 0 |
| **Andrew Holmes** | 1 | 0 | 0 | 0 |
| **Gareth Powell** | 4 | 4 | 25 | - |
| **Graeme Wright** | 0 | 0 | 0 | - |
| **Will Wilkin** | 1 | 1 | 15 | - |
| **Edward Garland** | 1 | 1 | 0 | - |
| **Rodger Ingham** | 1 | 1 | 0 | - |
| **Corin Gallagher** | 0 | 0 | 0 | - |
| **Kit Gallagher** | 0 | 0 | 0 | - |
| **Christopher Wright** | 0 | 0 | 0 | - |

## Season Bowling

| Player | O | M | Runs | Wkts | Ave | SR |
|:--|:--|:--|:--|:--|:--|
| **Jerry Wright** | 98.2 | 8 | 445 | 18 | 24.72 | 32.73 |
| **Harry Ingham** | 103 | 15 | 369 | 13 | 28.38 | 47.54 |
| **Richard Earney** | 42.1 | 4 | 154 | 9 | 17.11 | 28.07 |
| **Andrew Slight** | 17.2 | 0 | 97 | 9 | 10.78 | 11.47 |
| **Paul O’Mahony** | 47 | 3 | 216 | 7 | 30.86 | 40.29 |
| **Richard Green** | 31 | 3 | 164 | 7 | 23.43 | 26.57 |
| **Gareth Powell** | 52 | 9 | 205 | 6 | 34.17 | 52 |
| **Ian Marshall** | 36 | 6 | 154 | 6 | 25.67 | 36 |
| **Richard Beswick** | 62 | 13 | 173 | 5 | 34.6 | 74.4 |
| **Ian Crichton** | 25 | 3 | 84 | 5 | 16.8 | 30 |
| **Sam Wilkin** | 8 | 1 | 47 | 3 | 15.67 | 16 |
| **Richard O’Hagan** | 24 | 2 | 137 | 2 | 68.5 | 72 |
| **Will Wilkin** | 9 | 1 | 27 | 2 | 13.5 | 27 |
| **Boris Hopewell** | 8 | 0 | 39 | 2 | 19.5 | 24 |
| **Philip Beswick** | 5 | 0 | 44 | 2 | 22 | 15 |
| **William Calvert** | 3 | 0 | 36 | 1 | 36 | 18 |
| **Graeme Wright** | 5 | 0 | 24 | 1 | 24 | 30 |
| **Ted Ingham** | 7 | 0 | 47 | 1 | 47 | 42 |
| **Simon Barrowcliff** | 1 | 0 | 4 | 0 | - | - |
| **Fred Ingham** | 2 | 0 | 15 | 0 | - | - |
| **Thomas Riley** | 2 | 0 | 16 | 0 | - | - |
| **James Kenny** | 9 | 0 | 61 | 0 | - | - |
| **Corin Gallagher** | 1 | 0 | 15 | 0 | - | - |
| **Christopher Wright** | 2 | 0 | 11 | 0 | - | - |

## Season Bowling (by ave)

| Player | O | M | Runs | Wkts | Ave | SR |
|:--|:--|:--|:--|:--|:--|
| **Andrew Slight** | 17.2 | 0 | 97 | 9 | 10.78 | 11.47 |
| **Will Wilkin** | 9 | 1 | 27 | 2 | 13.5 | 27 |
| **Sam Wilkin** | 8 | 1 | 47 | 3 | 15.67 | 16 |
| **Ian Crichton** | 25 | 3 | 84 | 5 | 16.8 | 30 |
| **Richard Earney** | 42.1 | 4 | 154 | 9 | 17.11 | 28.07 |
| **Boris Hopewell** | 8 | 0 | 39 | 2 | 19.5 | 24 |
| **Philip Beswick** | 5 | 0 | 44 | 2 | 22 | 15 |
| **Richard Green** | 31 | 3 | 164 | 7 | 23.43 | 26.57 |
| **Graeme Wright** | 5 | 0 | 24 | 1 | 24 | 30 |
| **Jerry Wright** | 98.2 | 8 | 445 | 18 | 24.72 | 32.73 |
| **Ian Marshall** | 36 | 6 | 154 | 6 | 25.67 | 36 |
| **Harry Ingham** | 103 | 15 | 369 | 13 | 28.38 | 47.54 |
| **Paul O’Mahony** | 47 | 3 | 216 | 7 | 30.86 | 40.29 |
| **Gareth Powell** | 52 | 9 | 205 | 6 | 34.17 | 52 |
| **Richard Beswick** | 62 | 13 | 173 | 5 | 34.6 | 74.4 |
| **William Calvert** | 3 | 0 | 36 | 1 | 36 | 18 |
| **Ted Ingham** | 7 | 0 | 47 | 1 | 47 | 42 |
| **Richard O’Hagan** | 24 | 2 | 137 | 2 | 68.5 | 72 |

## Career Batting

| Player | M | Inns | NOs | Runs | Ave |
|:---|:---|:---|:---|:---|:---|
| **Richard Earney** | 194 | 188 | 16 | 5084 | 29.56 |
| **Richard Beswick** | 299 | 272 | 49 | 4642 | 20.82 |
| **Jim Grant** | 253 | 224 | 26 | 3664 | 18.51 |
| **William Calvert** | 205 | 188 | 25 | 2599 | 15.94 |
| **Ian Marshall** | 161 | 122 | 18 | 2268 | 21.81 |
| **Andrew Gallagher** | 95 | 91 | 5 | 2151 | 25.01 |
| **Steven Hornsby** | 62 | 59 | 7 | 2109 | 40.56 |
| **Simon Barrowcliff** | 73 | 70 | 6 | 1645 | 25.70 |
| **Edward Garland** | 131 | 98 | 24 | 1056 | 14.27 |
| **David Swann** | 21 | 20 | 5 | 755 | 50.33 |
| **Phil Bentley** | 19 | 18 | 2 | 683 | 42.69 |
| **Jerry Wright** | 234 | 120 | 42 | 670 | 8.59 |
| **Pete Grant** | 94 | 86 | 13 | 655 | 8.97 |
| **Andrew Slight** | 57 | 46 | 3 | 607 | 14.12 |
| **Richard Kitson** | 32 | 32 | 3 | 599 | 20.66 |
| **Martin Breddy** | 15 | 15 | 0 | 565 | 37.67 |
| **Mark Gardiner** | 96 | 80 | 14 | 554 | 8.39 |
| **James Hylton** | 9 | 8 | 2 | 542 | 90.33 |
| **Will Wright** | 23 | 22 | 1 | 540 | 25.71 |
| **Andrew MacFarlane** | 34 | 30 | 0 | 530 | 17.67 |
| **Mark Taylor** | 15 | 15 | 2 | 495 | 38.08 |
| **David Young** | 91 | 67 | 18 | 493 | 10.06 |
| **Tony Purves** | 18 | 16 | 5 | 459 | 41.73 |
| **Harry Ingham** | 25 | 23 | 6 | 446 | 26.24 |
| **Mark Petre** | 27 | 27 | 3 | 437 | 18.21 |
| **Alan Sylvester** | 57 | 35 | 16 | 380 | 20.00 |
| **Stuart Watson** | 14 | 14 | 4 | 370 | 37.00 |
| **Mark Kirwan** | 42 | 28 | 5 | 356 | 15.48 |
| **William Chapman** | 25 | 24 | 3 | 341 | 16.24 |
| **Andrew Fielding** | 39 | 35 | 2 | 340 | 10.30 |
| **Martin Goff** | 8 | 8 | 0 | 302 | 37.75 |
| **Richard Green** | 28 | 20 | 4 | 301 | 18.81 |
| **Richard Olver** | 45 | 30 | 14 | 287 | 17.94 |
| **John Packenham-Walsh** | 11 | 9 | 2 | 261 | 37.29 |
| **John Stimpfig** | 28 | 21 | 3 | 250 | 13.89 |

## Career Batting (by ave)

| Player | M | Inns | NOs | Runs | Ave |
|:---|:---|:---|:---|:---|:---|
| **James Hylton** | 9 | 8 | 2 | 542 | 90.33 |
| **David Swann** | 21 | 20 | 5 | 755 | 50.33 |
| **Phil Bentley** | 19 | 18 | 2 | 683 | 42.69 |
| **Tony Purves** | 18 | 16 | 5 | 459 | 41.73 |
| **Steven Hornsby** | 62 | 59 | 7 | 2109 | 40.56 |
| **Mark Taylor** | 15 | 15 | 2 | 495 | 38.08 |
| **Martin Goff** | 8 | 8 | 0 | 302 | 37.75 |
| **Martin Breddy** | 15 | 15 | 0 | 565 | 37.67 |
| **John Packenham-Walsh** | 11 | 9 | 2 | 261 | 37.29 |
| **Stuart Watson** | 14 | 14 | 4 | 370 | 37.00 |
| **Richard Earney** | 194 | 188 | 16 | 5084 | 29.56 |
| **Harry Ingham** | 25 | 23 | 6 | 446 | 26.24 |
| **Will Wright** | 23 | 22 | 1 | 540 | 25.71 |
| **Simon Barrowcliff** | 73 | 70 | 6 | 1645 | 25.70 |
| **Andrew Gallagher** | 95 | 91 | 5 | 2151 | 25.01 |
| **Ian Marshall** | 161 | 122 | 18 | 2268 | 21.81 |
| **Richard Beswick** | 299 | 272 | 49 | 4642 | 20.82 |
| **Richard Kitson** | 32 | 32 | 3 | 599 | 20.66 |
| **Alan Sylvester** | 57 | 35 | 16 | 380 | 20.00 |
| **Richard Green** | 28 | 20 | 4 | 301 | 18.81 |
| **Jim Grant** | 253 | 224 | 26 | 3664 | 18.51 |
| **Mark Petre** | 27 | 27 | 3 | 437 | 18.21 |
| **Richard Olver** | 45 | 30 | 14 | 287 | 17.94 |
| **Andrew MacFarlane** | 34 | 30 | 0 | 530 | 17.67 |
| **William Chapman** | 25 | 24 | 3 | 341 | 16.24 |
| **William Calvert** | 205 | 188 | 25 | 2599 | 15.94 |
| **Mark Kirwan** | 42 | 28 | 5 | 356 | 15.48 |
| **Edward Garland** | 131 | 98 | 24 | 1056 | 14.27 |
| **Andrew Slight** | 57 | 46 | 3 | 607 | 14.12 |
| **John Stimpfig** | 28 | 21 | 3 | 250 | 13.89 |
| **Andrew Fielding** | 39 | 35 | 2 | 340 | 10.30 |
| **David Young** | 91 | 67 | 18 | 493 | 10.06 |
| **Pete Grant** | 94 | 86 | 13 | 655 | 8.97 |
| **Jerry Wright** | 234 | 120 | 42 | 670 | 8.59 |
| **Mark Gardiner** | 96 | 80 | 14 | 554 | 8.39 |

## Career Bowling

| Player | M | O | M | R | W | Ave | SR |
|:---|:---|:---|:---|:---|:---|:---|:---|
| **Jerry Wright** | 234 | 1683.7 | 262 | 670 | 308 | 20.35 | 32.80 |
| **Richard Beswick** | 299 | 1551.8 | 289 | 4642 | 288 | 18.42 | 32.33 |
| **Ian Marshall** | 161 | 1435.9 | 360 | 2268 | 237 | 17.47 | 36.35 |
| **William Calvert** | 205 | 640.5 | 85 | 2599 | 145 | 20.16 | 26.50 |
| **Richard Earney** | 194 | 704.9 | 76 | 5084 | 139 | 23.99 | 30.43 |
| **Edward Garland** | 131 | 464.2 | 37 | 1056 | 118 | 19.22 | 23.60 |
| **Alan Sylvester** | 57 | 377.1 | 66 | 380 | 76 | 18.63 | 29.77 |
| **Mark Kirwan** | 42 | 339.3 | 60 | 356 | 70 | 16.24 | 29.08 |
| **Andrew MacFarlane** | 34 | 357.2 | 70 | 530 | 68 | 15.31 | 31.52 |
| **Richard Green** | 28 | 224.6 | 23 | 301 | 54 | 16.48 | 24.96 |
| **Richard Olver** | 45 | 304 | 69 | 287 | 49 | 19.00 | 37.22 |
| **Graeme Wright** | 49 | 339 | 56 | 168 | 47 | 23.43 | 43.28 |
| **Steven Hornsby** | 62 | 175.4 | 14 | 2109 | 40 | 21.68 | 26.31 |
| **Andrew Gallagher** | 95 | 148.1 | 11 | 2151 | 38 | 19.55 | 23.38 |
| **Tony Purves** | 18 | 111.8 | 14 | 459 | 36 | 13.56 | 18.63 |
| **Gareth Powell** | 29 | 241.3 | 39 | 150 | 33 | 26.24 | 43.87 |
| **Mark Gardiner** | 96 | 139.5 | 11 | 554 | 33 | 18.27 | 25.36 |
| **Harry Ingham** | 25 | 249.3 | 47 | 446 | 32 | 25.03 | 46.74 |
| **Steve Masterson** | 22 | 204.1 | 37 | 47 | 32 | 21.31 | 38.27 |
| **Phil Bentley** | 19 | 165.9 | 30 | 683 | 31 | 16.71 | 32.11 |
| **Paul O'Mahony** | 22 | 163.5 | 23 | 30 | 28 | 23.07 | 35.04 |

## Career Bowling (by ave)

| Player | M | O | M | R | W | Ave | SR |
|:---|:---|:---|:---|:---|:---|:---|:---|
| **Tony Purves** | 18 | 111.8 | 14 | 459 | 36 | 13.56 | 18.63 |
| **Andrew MacFarlane** | 34 | 357.2 | 70 | 530 | 68 | 15.31 | 31.52 |
| **Mark Kirwan** | 42 | 339.3 | 60 | 356 | 70 | 16.24 | 29.08 |
| **Richard Green** | 28 | 224.6 | 23 | 301 | 54 | 16.48 | 24.96 |
| **Phil Bentley** | 19 | 165.9 | 30 | 683 | 31 | 16.71 | 32.11 |
| **Ian Marshall** | 161 | 1435.9 | 360 | 2268 | 237 | 17.47 | 36.35 |
| **Mark Gardiner** | 96 | 139.5 | 11 | 554 | 33 | 18.27 | 25.36 |
| **Richard Beswick** | 299 | 1551.8 | 289 | 4642 | 288 | 18.42 | 32.33 |
| **Alan Sylvester** | 57 | 377.1 | 66 | 380 | 76 | 18.63 | 29.77 |
| **Richard Olver** | 45 | 304 | 69 | 287 | 49 | 19.00 | 37.22 |
| **Edward Garland** | 131 | 464.2 | 37 | 1056 | 118 | 19.22 | 23.60 |
| **Andrew Gallagher** | 95 | 148.1 | 11 | 2151 | 38 | 19.55 | 23.38 |
| **William Calvert** | 205 | 640.5 | 85 | 2599 | 145 | 20.16 | 26.50 |
| **Jerry Wright** | 234 | 1683.7 | 262 | 670 | 308 | 20.35 | 32.80 |
| **Steve Masterson** | 22 | 204.1 | 37 | 47 | 32 | 21.31 | 38.27 |
| **Steven Hornsby** | 62 | 175.4 | 14 | 2109 | 40 | 21.68 | 26.31 |
| **Paul O'Mahony** | 22 | 163.5 | 23 | 30 | 28 | 23.07 | 35.04 |
| **Graeme Wright** | 49 | 339 | 56 | 168 | 47 | 23.43 | 43.28 |
| **Richard Earney** | 194 | 704.9 | 76 | 5084 | 139 | 23.99 | 30.43 |
| **Harry Ingham** | 25 | 249.3 | 47 | 446 | 32 | 25.03 | 46.74 |
| **Gareth Powell** | 29 | 241.3 | 39 | 150 | 33 | 26.24 | 43.87 |

