---
layout: default
title: 2005 Statistics
nav_order: 37
parent: Statistics
---

# {{page.title}}

(Career Qualification 200 runs; 20 wkts)

<details open markdown="block">
  {: .text-delta }
1. TOC
{:toc}
</details>

Richard Earney: most runs in a season, 5000 runs<br />
Jerry Wright: 300 wkts

## Season Batting

| Player | Inns | No | Runs | Ave |
|:--|:--|:--|:--|:--|
| **Richard Earney** | 13 | 2 | 603 | 54.82 |
| **Richard Beswick** | 14 | 2 | 241 | 20.08 |
| **Andrew Slight** | 14 | 0 | 176 | 12.57 |
| **Harry Ingham** | 9 | 2 | 149 | 21.29 |
| **Martin Goff** | 5 | 0 | 145 | 29 |
| **Richard Kitson** | 4 | 0 | 139 | 34.75 |
| **William Calvert** | 8 | 0 | 121 | 15.13 |
| **Jim Grant** | 9 | 0 | 113 | 12.56 |
| **Ian Marshall** | 5 | 1 | 92 | 23 |
| **Simon Barrowcliff** | 3 | 0 | 85 | 28.33 |
| **David Hambidge** | 2 | 1 | 77 | 77 |
| **Richard Coyle** | 10 | 4 | 75 | 12.5 |
| **Jerry Wright** | 6 | 0 | 42 | 7 |
| **Richard Green** | 2 | 1 | 33 | 33 |
| **Pete Grant** | 6 | 2 | 32 | 8 |
| **Gareth Powell** | 4 | 4 | 25 | - |
| **Andrew Gallagher** | 2 | 1 | 25 | 25 |
| **Fred Ingham** | 2 | 0 | 23 | 11.5 |
| **Boris Hopewell** | 1 | 0 | 23 | 23 |
| **James Kenny** | 2 | 1 | 17 | 17 |
| **Will Wilkin** | 1 | 1 | 15 | - |
| **Thomas Riley** | 2 | 0 | 13 | 6.5 |
| **Ted Ingham** | 2 | 0 | 11 | 5.5 |
| **Richard O’Hagan** | 3 | 1 | 6 | 3 |
| **Philip Beswick** | 2 | 0 | 6 | 3 |
| **Nick Coleman** | 1 | 0 | 4 | 4 |
| **Alf Beswick** | 1 | 0 | 3 | 3 |
| **Paul O’Mahony** | 4 | 1 | 2 | .67 |
| **Ian Crichton** | 1 | 0 | 1 | 1 |
| **Nicolas Beswick** | 1 | 0 | 1 | 1 |
| **Graeme Wright** | 0 | 0 | 0 | - |
| **James O’Mahony** | 1 | 0 | 0 | 0 |
| **Sam Wilkin** | 1 | 0 | 0 | 0 |
| **Edward Garland** | 1 | 1 | 0 | - |
| **Andrew Holmes** | 1 | 0 | 0 | 0 |
| **Rodger Ingham** | 1 | 1 | 0 | - |
| **Corin Gallagher** | 0 | 0 | 0 | - |
| **Kit Gallagher** | 0 | 0 | 0 | - |
| **Christopher Wright** | 0 | 0 | 0 | - |
| **Christopher Wright** | 0 | 0 | 0 | - |

## Season Batting (by ave)

| Player | Inns | No | Runs | Ave |
|:--|:--|:--|:--|:--|
| **David Hambidge** | 2 | 1 | 77 | 77 |
| **Richard Earney** | 13 | 2 | 603 | 54.82 |
| **Richard Kitson** | 4 | 0 | 139 | 34.75 |
| **Richard Green** | 2 | 1 | 33 | 33 |
| **Martin Goff** | 5 | 0 | 145 | 29 |
| **Simon Barrowcliff** | 3 | 0 | 85 | 28.33 |
| **Andrew Gallagher** | 2 | 1 | 25 | 25 |
| **Ian Marshall** | 5 | 1 | 92 | 23 |
| **Boris Hopewell** | 1 | 0 | 23 | 23 |
| **Harry Ingham** | 9 | 2 | 149 | 21.29 |
| **Richard Beswick** | 14 | 2 | 241 | 20.08 |
| **James Kenny** | 2 | 1 | 17 | 17 |
| **William Calvert** | 8 | 0 | 121 | 15.13 |
| **Andrew Slight** | 14 | 0 | 176 | 12.57 |
| **Jim Grant** | 9 | 0 | 113 | 12.56 |
| **Richard Coyle** | 10 | 4 | 75 | 12.5 |
| **Fred Ingham** | 2 | 0 | 23 | 11.5 |
| **Pete Grant** | 6 | 2 | 32 | 8 |
| **Jerry Wright** | 6 | 0 | 42 | 7 |
| **Thomas Riley** | 2 | 0 | 13 | 6.5 |
| **Ted Ingham** | 2 | 0 | 11 | 5.5 |
| **Nick Coleman** | 1 | 0 | 4 | 4 |
| **Richard O’Hagan** | 3 | 1 | 6 | 3 |
| **Philip Beswick** | 2 | 0 | 6 | 3 |
| **Alf Beswick** | 1 | 0 | 3 | 3 |
| **Ian Crichton** | 1 | 0 | 1 | 1 |
| **Nicolas Beswick** | 1 | 0 | 1 | 1 |
| **Paul O’Mahony** | 4 | 1 | 2 | .67 |
| **James O’Mahony** | 1 | 0 | 0 | 0 |
| **Sam Wilkin** | 1 | 0 | 0 | 0 |
| **Andrew Holmes** | 1 | 0 | 0 | 0 |
| **Gareth Powell** | 4 | 4 | 25 | - |
| **Graeme Wright** | 0 | 0 | 0 | - |
| **Will Wilkin** | 1 | 1 | 15 | - |
| **Edward Garland** | 1 | 1 | 0 | - |
| **Rodger Ingham** | 1 | 1 | 0 | - |
| **Corin Gallagher** | 0 | 0 | 0 | - |
| **Kit Gallagher** | 0 | 0 | 0 | - |
| **Christopher Wright** | 0 | 0 | 0 | - |

## Career Batting

| Player | Mat | Inns | No | Runs | Ave |
|:---|:---|:---|:---|:---|:---|
| **Richard Earney** | 194 | 188 | 16 | 5084 | 29.56 |
| **Richard Beswick** | 299 | 272 | 50 | 4664 | 21.01 |
| **Jim Grant** | 253 | 224 | 26 | 3639 | 18.38 |
| **William Calvert** | 204 | 187 | 25 | 2588 | 15.98 |
| **Ian Marshall** | 161 | 123 | 19 | 2268 | 21.81 |
| **Andrew Gallagher** | 94 | 90 | 5 | 2189 | 25.75 |
| **Steven Hornsby** | 62 | 59 | 7 | 2109 | 40.56 |
| **Simon Barrowcliff** | 73 | 70 | 6 | 1645 | 25.70 |
| **Edward Garland** | 131 | 98 | 24 | 1056 | 14.27 |
| **David Swann** | 21 | 20 | 5 | 755 | 50.33 |
| **Jerry Wright** | 233 | 120 | 43 | 684 | 8.88 |
| **Phil Bentley** | 19 | 18 | 2 | 683 | 42.69 |
| **Pete Grant** | 94 | 86 | 13 | 655 | 8.97 |
| **Andrew Slight** | 57 | 46 | 3 | 607 | 14.12 |
| **Richard Kitson** | 32 | 32 | 3 | 599 | 20.66 |
| **Will Wright** | 24 | 23 | 2 | 579 | 27.57 |
| **Martin Breddy** | 15 | 15 | 0 | 565 | 37.67 |
| **Mark Gardiner** | 96 | 80 | 14 | 554 | 8.39 |
| **James Hylton** | 9 | 8 | 2 | 542 | 90.33 |
| **Andrew MacFarlane** | 34 | 30 | 0 | 530 | 17.67 |
| **Mark Taylor** | 15 | 15 | 2 | 495 | 38.08 |
| **David Young** | 91 | 67 | 18 | 493 | 10.06 |
| **Tony Purves** | 18 | 16 | 5 | 459 | 41.73 |
| **Harry Ingham** | 25 | 23 | 6 | 446 | 26.24 |
| **Mark Petre** | 27 | 27 | 3 | 437 | 18.21 |
| **Alan Sylvester** | 56 | 35 | 16 | 380 | 20.00 |
| **Stuart Watson** | 14 | 14 | 4 | 370 | 37.00 |
| **Mark Kirwan** | 41 | 28 | 5 | 356 | 15.48 |
| **William Chapman** | 25 | 24 | 3 | 341 | 16.24 |
| **Andrew Fielding** | 39 | 35 | 2 | 340 | 10.30 |
| **Martin Goff** | 8 | 8 | 0 | 302 | 37.75 |
| **Richard Green** | 28 | 20 | 4 | 301 | 18.81 |
| **Richard Olver** | 45 | 30 | 14 | 287 | 17.94 |
| **John Packenham-Walsh** | 11 | 9 | 2 | 261 | 37.29 |
| **John Stimpfig** | 28 | 21 | 3 | 250 | 13.89 |
| **James Booth** | 9 | 9 | 1 | 235 | 29.38 |
| **Tim Horsey** | 44 | 40 | 9 | 228 | 7.35 |

## Career Batting (by Ave)

| Player | Mat | Inns | No | Runs | Ave |
|:---|:---|:---|:---|:---|:---|
| **James Hylton** | 9 | 8 | 2 | 542 | 90.33 |
| **David Swann** | 21 | 20 | 5 | 755 | 50.33 |
| **Phil Bentley** | 19 | 18 | 2 | 683 | 42.69 |
| **Tony Purves** | 18 | 16 | 5 | 459 | 41.73 |
| **Steven Hornsby** | 62 | 59 | 7 | 2109 | 40.56 |
| **Mark Taylor** | 15 | 15 | 2 | 495 | 38.08 |
| **Martin Goff** | 8 | 8 | 0 | 302 | 37.75 |
| **Martin Breddy** | 15 | 15 | 0 | 565 | 37.67 |
| **John Packenham-Walsh** | 11 | 9 | 2 | 261 | 37.29 |
| **Stuart Watson** | 14 | 14 | 4 | 370 | 37.00 |
| **Richard Earney** | 194 | 188 | 16 | 5084 | 29.56 |
| **James Booth** | 9 | 9 | 1 | 235 | 29.38 |
| **Will Wright** | 24 | 23 | 2 | 579 | 27.57 |
| **Harry Ingham** | 25 | 23 | 6 | 446 | 26.24 |
| **Andrew Gallagher** | 94 | 90 | 5 | 2189 | 25.75 |
| **Simon Barrowcliff** | 73 | 70 | 6 | 1645 | 25.70 |
| **Ian Marshall** | 161 | 123 | 19 | 2268 | 21.81 |
| **Richard Beswick** | 299 | 272 | 50 | 4664 | 21.01 |
| **Richard Kitson** | 32 | 32 | 3 | 599 | 20.66 |
| **Alan Sylvester** | 56 | 35 | 16 | 380 | 20.00 |
| **Richard Green** | 28 | 20 | 4 | 301 | 18.81 |
| **Jim Grant** | 253 | 224 | 26 | 3639 | 18.38 |
| **Mark Petre** | 27 | 27 | 3 | 437 | 18.21 |
| **Richard Olver** | 45 | 30 | 14 | 287 | 17.94 |
| **Andrew MacFarlane** | 34 | 30 | 0 | 530 | 17.67 |
| **William Chapman** | 25 | 24 | 3 | 341 | 16.24 |
| **William Calvert** | 204 | 187 | 25 | 2588 | 15.98 |
| **Mark Kirwan** | 41 | 28 | 5 | 356 | 15.48 |
| **Edward Garland** | 131 | 98 | 24 | 1056 | 14.27 |
| **Andrew Slight** | 57 | 46 | 3 | 607 | 14.12 |
| **John Stimpfig** | 28 | 21 | 3 | 250 | 13.89 |
| **Andrew Fielding** | 39 | 35 | 2 | 340 | 10.30 |
| **David Young** | 91 | 67 | 18 | 493 | 10.06 |
| **Pete Grant** | 94 | 86 | 13 | 655 | 8.97 |
| **Jerry Wright** | 233 | 120 | 43 | 684 | 8.88 |
| **Mark Gardiner** | 96 | 80 | 14 | 554 | 8.39 |
| **Tim Horsey** | 44 | 40 | 9 | 228 | 7.35 |

## Season Bowling

| Player | O | M | Runs | Wkts | Ave | SR |
|:--|:--|:--|:--|:--|:--|
| **Jerry Wright** | 98.2 | 8 | 445 | 18 | 24.72 | 32.73 |
| **Harry Ingham** | 103 | 15 | 369 | 13 | 28.38 | 47.54 |
| **Richard Earney** | 42.1 | 4 | 154 | 9 | 17.11 | 28.07 |
| **Andrew Slight** | 17.2 | 0 | 97 | 9 | 10.78 | 11.47 |
| **Paul O’Mahony** | 47 | 3 | 216 | 7 | 30.86 | 40.29 |
| **Richard Green** | 31 | 3 | 164 | 7 | 23.43 | 26.57 |
| **Gareth Powell** | 52 | 9 | 205 | 6 | 34.17 | 52 |
| **Ian Marshall** | 36 | 6 | 154 | 6 | 25.67 | 36 |
| **Richard Beswick** | 62 | 13 | 173 | 5 | 34.6 | 74.4 |
| **Ian Crichton** | 25 | 3 | 84 | 5 | 16.8 | 30 |
| **Sam Wilkin** | 8 | 1 | 47 | 3 | 15.67 | 16 |
| **Richard O’Hagan** | 24 | 2 | 137 | 2 | 68.5 | 72 |
| **Will Wilkin** | 9 | 1 | 27 | 2 | 13.5 | 27 |
| **Boris Hopewell** | 8 | 0 | 39 | 2 | 19.5 | 24 |
| **Philip Beswick** | 5 | 0 | 44 | 2 | 22 | 15 |
| **William Calvert** | 3 | 0 | 36 | 1 | 36 | 18 |
| **Graeme Wright** | 5 | 0 | 24 | 1 | 24 | 30 |
| **Ted Ingham** | 7 | 0 | 47 | 1 | 47 | 42 |
| **Simon Barrowcliff** | 1 | 0 | 4 | 0 | - | - |
| **Fred Ingham** | 2 | 0 | 15 | 0 | - | - |
| **Thomas Riley** | 2 | 0 | 16 | 0 | - | - |
| **James Kenny** | 9 | 0 | 61 | 0 | - | - |
| **Corin Gallagher** | 1 | 0 | 15 | 0 | - | - |
| **Christopher Wright** | 2 | 0 | 11 | 0 | - | - |

## Season Bowling (by ave)

| Player | O | M | Runs | Wkts | Ave | SR |
|:--|:--|:--|:--|:--|:--|
| **Andrew Slight** | 17.2 | 0 | 97 | 9 | 10.78 | 11.47 |
| **Will Wilkin** | 9 | 1 | 27 | 2 | 13.5 | 27 |
| **Sam Wilkin** | 8 | 1 | 47 | 3 | 15.67 | 16 |
| **Ian Crichton** | 25 | 3 | 84 | 5 | 16.8 | 30 |
| **Richard Earney** | 42.1 | 4 | 154 | 9 | 17.11 | 28.07 |
| **Boris Hopewell** | 8 | 0 | 39 | 2 | 19.5 | 24 |
| **Philip Beswick** | 5 | 0 | 44 | 2 | 22 | 15 |
| **Richard Green** | 31 | 3 | 164 | 7 | 23.43 | 26.57 |
| **Graeme Wright** | 5 | 0 | 24 | 1 | 24 | 30 |
| **Jerry Wright** | 98.2 | 8 | 445 | 18 | 24.72 | 32.73 |
| **Ian Marshall** | 36 | 6 | 154 | 6 | 25.67 | 36 |
| **Harry Ingham** | 103 | 15 | 369 | 13 | 28.38 | 47.54 |
| **Paul O’Mahony** | 47 | 3 | 216 | 7 | 30.86 | 40.29 |
| **Gareth Powell** | 52 | 9 | 205 | 6 | 34.17 | 52 |
| **Richard Beswick** | 62 | 13 | 173 | 5 | 34.6 | 74.4 |
| **William Calvert** | 3 | 0 | 36 | 1 | 36 | 18 |
| **Ted Ingham** | 7 | 0 | 47 | 1 | 47 | 42 |
| **Richard O’Hagan** | 24 | 2 | 137 | 2 | 68.5 | 72 |

## Career Bowling

| Player | Mat | O | M | R | W | Ave | SR |
|:---|:---|:---|:---|:---|:---|:---|
| **Jerry Wright** | 233 | 1694 | 261 | 6169 | 307 | 20.09 | 33.11 |
| **Richard Beswick** | 299 | 1544.1 | 289 | 5306 | 288 | 18.42 | 32.17 |
| **Ian Marshall** | 161 | 1439.5 | 360 | 4141 | 237 | 17.47 | 36.45 |
| **William Calvert** | 204 | 641.3 | 85 | 2923 | 145 | 20.16 | 26.54 |
| **Richard Earney** | 194 | 706.5 | 76 | 3334 | 138 | 24.16 | 30.73 |
| **Edward Garland** | 131 | 465 | 37 | 2268 | 118 | 19.22 | 23.64 |
| **Alan Sylvester** | 56 | 373.1 | 66 | 1402 | 74 | 18.95 | 30.26 |
| **Andrew MacFarlane** | 34 | 329 | 70 | 1041 | 68 | 15.31 | 29.03 |
| **Mark Kirwan** | 41 | 334.3 | 60 | 1111 | 68 | 16.34 | 29.51 |
| **Richard Green** | 28 | 225.5 | 23 | 890 | 54 | 16.48 | 25.09 |
| **Richard Olver** | 45 | 298 | 69 | 931 | 49 | 19.00 | 36.49 |
| **Graeme Wright** | 49 | 332 | 56 | 1101 | 47 | 23.43 | 42.38 |
| **Steven Hornsby** | 62 | 175.4 | 14 | 867 | 40 | 21.68 | 26.35 |
| **Andrew Gallagher** | 94 | 135.3 | 11 | 730 | 38 | 19.21 | 21.39 |
| **Tony Purves** | 18 | 112.2 | 14 | 488 | 36 | 13.56 | 18.72 |
| **Gareth Powell** | 29 | 241.3 | 39 | 866 | 33 | 26.24 | 43.91 |
| **Mark Gardiner** | 96 | 139.5 | 11 | 603 | 33 | 18.27 | 25.42 |
| **Harry Ingham** | 25 | 249.3 | 47 | 801 | 32 | 25.03 | 46.78 |
| **Steve Masterson** | 22 | 204.1 | 37 | 682 | 32 | 21.31 | 38.28 |
| **Phil Bentley** | 19 | 166.3 | 30 | 518 | 31 | 16.71 | 32.23 |
| **Paul O'Mahony** | 22 | 164.5 | 23 | 646 | 28 | 23.07 | 35.32 |
| **Mark Taylor** | 15 | 102 | 25 | 319 | 22 | 14.50 | 27.82 |

## Career Bowling (by ave)

| Player | Mat | O | M | R | W | Ave | SR |
|:---|:---|:---|:---|:---|:---|:---|
| **Tony Purves** | 18 | 112.2 | 14 | 488 | 36 | 13.56 | 18.72 |
| **Mark Taylor** | 15 | 102 | 25 | 319 | 22 | 14.50 | 27.82 |
| **Andrew MacFarlane** | 34 | 329 | 70 | 1041 | 68 | 15.31 | 29.03 |
| **Mark Kirwan** | 41 | 334.3 | 60 | 1111 | 68 | 16.34 | 29.51 |
| **Richard Green** | 28 | 225.5 | 23 | 890 | 54 | 16.48 | 25.09 |
| **Phil Bentley** | 19 | 166.3 | 30 | 518 | 31 | 16.71 | 32.23 |
| **Ian Marshall** | 161 | 1439.5 | 360 | 4141 | 237 | 17.47 | 36.45 |
| **Mark Gardiner** | 96 | 139.5 | 11 | 603 | 33 | 18.27 | 25.42 |
| **Richard Beswick** | 299 | 1544.1 | 289 | 5306 | 288 | 18.42 | 32.17 |
| **Alan Sylvester** | 56 | 373.1 | 66 | 1402 | 74 | 18.95 | 30.26 |
| **Richard Olver** | 45 | 298 | 69 | 931 | 49 | 19.00 | 36.49 |
| **Andrew Gallagher** | 94 | 135.3 | 11 | 730 | 38 | 19.21 | 21.39 |
| **Edward Garland** | 131 | 465 | 37 | 2268 | 118 | 19.22 | 23.64 |
| **Jerry Wright** | 233 | 1694 | 261 | 6169 | 307 | 20.09 | 33.11 |
| **William Calvert** | 204 | 641.3 | 85 | 2923 | 145 | 20.16 | 26.54 |
| **Steve Masterson** | 22 | 204.1 | 37 | 682 | 32 | 21.31 | 38.28 |
| **Steven Hornsby** | 62 | 175.4 | 14 | 867 | 40 | 21.68 | 26.35 |
| **Paul O'Mahony** | 22 | 164.5 | 23 | 646 | 28 | 23.07 | 35.32 |
| **Graeme Wright** | 49 | 332 | 56 | 1101 | 47 | 23.43 | 42.38 |
| **Richard Earney** | 194 | 706.5 | 76 | 3334 | 138 | 24.16 | 30.73 |
| **Harry Ingham** | 25 | 249.3 | 47 | 801 | 32 | 25.03 | 46.78 |
| **Gareth Powell** | 29 | 241.3 | 39 | 866 | 33 | 26.24 | 43.91 |
