---
layout: default
title: 2007 Statistics
nav_order: 35
parent: Statistics
---

# {{page.title}}

(Career Qualification 200 runs; 20 wkts)

<details open markdown="block">
  {: .text-delta }
1. TOC
{:toc}
</details>

Richard Beswick: 5000 runs

## Season Batting

| Player | Inns | No | Runs | Ave |
|:--|:--|:--|:--|:--|
| **Richard Earney** | 11 | 0 | 306 | 27.82 |
| **Patrick Wigg** | 9 | 4 | 203 | 40.6 |
| **Martin Goff** | 5 | 0 | 149 | 29.8 |
| **Richard Beswick** | 11 | 0 | 137 | 12.45 |
| **Jim Grant** | 9 | 0 | 130 | 14.44 |
| **Andrew Slight** | 10 | 1 | 103 | 11.44 |
| **Tom Rutherford** | 10 | 1 | 94 | 10.44 |
| **Edward Garland** | 6 | 2 | 56 | 14 |
| **Richard Kitson** | 2 | 1 | 50 | 50 |
| **Simon Barrowcliff** | 1 | 0 | 42 | 42 |
| **Richard Coyle** | 8 | 1 | 40 | 5.71 |
| **Pete Grant** | 4 | 0 | 30 | 7.5 |
| **Jerry Wright** | 5 | 2 | 29 | 9.67 |
| **Ian Marshall** | 4 | 1 | 27 | 9 |
| **Mohit Gupta** | 2 | 0 | 27 | 13.5 |
| **Gordon Daley** | 2 | 0 | 25 | 12.5 |
| **Richard O’Hagan** | 2 | 2 | 17 | - |
| **Gareth Powell** | 2 | 1 | 14 | 14 |
| **Paul O’Mahony** | 6 | 3 | 12 | 4 |
| **Dan Griffiths** | 1 | 0 | 11 | 11 |
| **Frank Fraser** | 1 | 0 | 8 | 8 |
| **William Calvert** | 2 | 0 | 7 | 3.5 |
| **Andy Woodbridge** | 1 | 0 | 6 | 6 |
| **Alex Binns** | 1 | 0 | 3 | 3 |
| **Philip Beswick** | 3 | 0 | 1 | .33 |
| **Alf Beswick** | 3 | 0 | 0 | 0 |
| **Alex Fitzgerald** | 0 | 0 | 0 | - |
| **Mark Gardiner** | 0 | 0 | 0 | - |
| **Alan Sylvester** | 0 | 0 | 0 | - |
| **Alan Fraser** | 0 | 0 | 0 | - |
| **Tom Simmonds** | 1 | 1 | 0 | - |
| **David Hambidge** | 1 | 0 | 0 | 0 |
| **Iqbal Miah** | 1 | 0 | 0 | 0 |
| **Mark Bates** | 0 | 0 | 0 | - |

## Season Batting (by ave)

| Player | Inns | No | Runs | Ave |
|:--|:--|:--|:--|:--|
| **Richard Kitson** | 2 | 1 | 50 | 50 |
| **Simon Barrowcliff** | 1 | 0 | 42 | 42 |
| **Patrick Wigg** | 9 | 4 | 203 | 40.6 |
| **Martin Goff** | 5 | 0 | 149 | 29.8 |
| **Richard Earney** | 11 | 0 | 306 | 27.82 |
| **Jim Grant** | 9 | 0 | 130 | 14.44 |
| **Edward Garland** | 6 | 2 | 56 | 14 |
| **Gareth Powell** | 2 | 1 | 14 | 14 |
| **Mohit Gupta** | 2 | 0 | 27 | 13.5 |
| **Gordon Daley** | 2 | 0 | 25 | 12.5 |
| **Richard Beswick** | 11 | 0 | 137 | 12.45 |
| **Andrew Slight** | 10 | 1 | 103 | 11.44 |
| **Dan Griffiths** | 1 | 0 | 11 | 11 |
| **Tom Rutherford** | 10 | 1 | 94 | 10.44 |
| **Jerry Wright** | 5 | 2 | 29 | 9.67 |
| **Ian Marshall** | 4 | 1 | 27 | 9 |
| **Frank Fraser** | 1 | 0 | 8 | 8 |
| **Pete Grant** | 4 | 0 | 30 | 7.5 |
| **Andy Woodbridge** | 1 | 0 | 6 | 6 |
| **Richard Coyle** | 8 | 1 | 40 | 5.71 |
| **Paul O’Mahony** | 6 | 3 | 12 | 4 |
| **William Calvert** | 2 | 0 | 7 | 3.5 |
| **Alex Binns** | 1 | 0 | 3 | 3 |
| **Philip Beswick** | 3 | 0 | 1 | .33 |
| **Alf Beswick** | 3 | 0 | 0 | 0 |
| **David Hambidge** | 1 | 0 | 0 | 0 |
| **Iqbal Miah** | 1 | 0 | 0 | 0 |
| **Richard O’Hagan** | 2 | 2 | 17 | - |
| **Alex Fitzgerald** | 0 | 0 | 0 | - |
| **Mark Gardiner** | 0 | 0 | 0 | - |
| **Alan Sylvester** | 0 | 0 | 0 | - |
| **Alan Fraser** | 0 | 0 | 0 | - |
| **Tom Simmonds** | 1 | 1 | 0 | - |
| **Mark Bates** | 0 | 0 | 0 | - |

## Career Batting

| Player | Mat | Inns | No | Runs | Ave |
|:---|:---|:---|:---|:---|:---|
| **Richard Earney** | 220 | 213 | 17 | 5917 | 30.19 |
| **Richard Beswick** | 324 | 296 | 54 | 5069 | 20.95 |
| **Jim Grant** | 274 | 242 | 26 | 3861 | 17.88 |
| **William Calvert** | 212 | 194 | 26 | 2634 | 15.68 |
| **Ian Marshall** | 170 | 130 | 21 | 2314 | 21.23 |
| **Andrew Gallagher** | 98 | 93 | 5 | 2199 | 24.99 |
| **Steven Hornsby** | 62 | 59 | 7 | 2109 | 40.56 |
| **Simon Barrowcliff** | 75 | 72 | 6 | 1694 | 25.67 |
| **Edward Garland** | 146 | 110 | 28 | 1218 | 14.85 |
| **Martin Goff** | 20 | 20 | 2 | 799 | 44.39 |
| **Andrew Slight** | 81 | 68 | 6 | 758 | 12.23 |
| **David Swann** | 21 | 20 | 5 | 755 | 50.33 |
| **Jerry Wright** | 255 | 129 | 46 | 735 | 8.86 |
| **Pete Grant** | 101 | 91 | 13 | 685 | 8.78 |
| **Phil Bentley** | 19 | 18 | 2 | 683 | 42.69 |
| **Richard Kitson** | 34 | 34 | 4 | 649 | 21.63 |
| **Will Wright** | 24 | 23 | 2 | 579 | 27.57 |
| **Martin Breddy** | 15 | 15 | 0 | 565 | 37.67 |
| **Mark Gardiner** | 97 | 80 | 14 | 554 | 8.39 |
| **James Hylton** | 9 | 8 | 2 | 542 | 90.33 |
| **Andrew MacFarlane** | 34 | 30 | 0 | 530 | 17.67 |
| **Mark Taylor** | 15 | 15 | 2 | 495 | 38.08 |
| **David Young** | 91 | 67 | 18 | 493 | 10.06 |
| **Harry Ingham** | 30 | 27 | 6 | 482 | 22.95 |
| **Tony Purves** | 18 | 16 | 5 | 459 | 41.73 |
| **Mark Petre** | 27 | 27 | 3 | 437 | 18.21 |
| **Alan Sylvester** | 57 | 35 | 16 | 380 | 20.00 |
| **Stuart Watson** | 14 | 14 | 4 | 370 | 37.00 |
| **Mark Kirwan** | 41 | 28 | 5 | 356 | 15.48 |
| **William Chapman** | 25 | 24 | 3 | 341 | 16.24 |
| **Andrew Fielding** | 39 | 35 | 2 | 340 | 10.30 |
| **Richard Green** | 29 | 21 | 4 | 313 | 18.41 |
| **Richard Olver** | 45 | 30 | 14 | 287 | 17.94 |
| **John Packenham-Walsh** | 11 | 9 | 2 | 261 | 37.29 |
| **Patrick Wigg** | 17 | 15 | 6 | 260 | 28.89 |
| **John Stimpfig** | 28 | 21 | 3 | 250 | 13.89 |
| **Richard Coyle** | 49 | 43 | 10 | 246 | 7.45 |
| **James Booth** | 9 | 9 | 1 | 235 | 29.38 |
| **Tim Horsey** | 44 | 40 | 9 | 228 | 7.35 |

## Career Batting (by Ave)

| Player | Mat | Inns | No | Runs | Ave |
|:---|:---|:---|:---|:---|:---|
| **James Hylton** | 9 | 8 | 2 | 542 | 90.33 |
| **David Swann** | 21 | 20 | 5 | 755 | 50.33 |
| **Martin Goff** | 20 | 20 | 2 | 799 | 44.39 |
| **Phil Bentley** | 19 | 18 | 2 | 683 | 42.69 |
| **Tony Purves** | 18 | 16 | 5 | 459 | 41.73 |
| **Steven Hornsby** | 62 | 59 | 7 | 2109 | 40.56 |
| **Mark Taylor** | 15 | 15 | 2 | 495 | 38.08 |
| **Martin Breddy** | 15 | 15 | 0 | 565 | 37.67 |
| **John Packenham-Walsh** | 11 | 9 | 2 | 261 | 37.29 |
| **Stuart Watson** | 14 | 14 | 4 | 370 | 37.00 |
| **Richard Earney** | 220 | 213 | 17 | 5917 | 30.19 |
| **James Booth** | 9 | 9 | 1 | 235 | 29.38 |
| **Patrick Wigg** | 17 | 15 | 6 | 260 | 28.89 |
| **Will Wright** | 24 | 23 | 2 | 579 | 27.57 |
| **Simon Barrowcliff** | 75 | 72 | 6 | 1694 | 25.67 |
| **Andrew Gallagher** | 98 | 93 | 5 | 2199 | 24.99 |
| **Harry Ingham** | 30 | 27 | 6 | 482 | 22.95 |
| **Richard Kitson** | 34 | 34 | 4 | 649 | 21.63 |
| **Ian Marshall** | 170 | 130 | 21 | 2314 | 21.23 |
| **Richard Beswick** | 324 | 296 | 54 | 5069 | 20.95 |
| **Alan Sylvester** | 57 | 35 | 16 | 380 | 20.00 |
| **Richard Green** | 29 | 21 | 4 | 313 | 18.41 |
| **Mark Petre** | 27 | 27 | 3 | 437 | 18.21 |
| **Richard Olver** | 45 | 30 | 14 | 287 | 17.94 |
| **Jim Grant** | 274 | 242 | 26 | 3861 | 17.88 |
| **Andrew MacFarlane** | 34 | 30 | 0 | 530 | 17.67 |
| **William Chapman** | 25 | 24 | 3 | 341 | 16.24 |
| **William Calvert** | 212 | 194 | 26 | 2634 | 15.68 |
| **Mark Kirwan** | 41 | 28 | 5 | 356 | 15.48 |
| **Edward Garland** | 146 | 110 | 28 | 1218 | 14.85 |
| **John Stimpfig** | 28 | 21 | 3 | 250 | 13.89 |
| **Andrew Slight** | 81 | 68 | 6 | 758 | 12.23 |
| **Andrew Fielding** | 39 | 35 | 2 | 340 | 10.30 |
| **David Young** | 91 | 67 | 18 | 493 | 10.06 |
| **Jerry Wright** | 255 | 129 | 46 | 735 | 8.86 |
| **Pete Grant** | 101 | 91 | 13 | 685 | 8.78 |
| **Mark Gardiner** | 97 | 80 | 14 | 554 | 8.39 |
| **Richard Coyle** | 49 | 43 | 10 | 246 | 7.45 |
| **Tim Horsey** | 44 | 40 | 9 | 228 | 7.35 |

## Season Bowling

| Player | O | M | Runs | Wkts | Ave | SR |
|:--|:--|:--|:--|:--|:--|
| **Jerry Wright** | 80.5 | 12 | 259 | 21 | 12.33 | 23 |
| **Patrick Wigg** | 50 | 7 | 186 | 17 | 10.94 | 17.65 |
| **Edward Garland** | 37.1 | 3 | 132 | 11 | 12 | 20.24 |
| **Tom Rutherford** | 66 | 10 | 206 | 9 | 22.89 | 44 |
| **Paul O’Mahony** | 59.3 | 5 | 226 | 8 | 28.25 | 44.48 |
| **Ian Marshall** | 40 | 8 | 139 | 7 | 19.86 | 34.29 |
| **Richard Earney** | 20 | 1 | 88 | 5 | 17.6 | 24 |
| **Andrew Slight** | 8.7 | 1 | 34 | 3 | 11.33 | 17.4 |
| **Gareth Powell** | 13 | 1 | 55 | 3 | 18.33 | 26 |
| **Andy Woodbridge** | 6 | 0 | 34 | 3 | 11.33 | 12 |
| **Iqbal Miah** | 4.3 | 1 | 5 | 3 | 1.67 | 8.6 |
| **Alex Binns** | 8 | 0 | 42 | 1 | 42 | 48 |
| **Mohit Gupta** | 12 | 1 | 62 | 1 | 62 | 72 |
| **Richard Beswick** | 13.1 | 2 | 88 | 0 | - | - |
| **Philip Beswick** | 2 | 0 | 18 | 0 | - | - |
| **Tom Simmonds** | 8 | 2 | 35 | 0 | - | - |

## Season Bowling (by ave)

| Player | O | M | Runs | Wkts | Ave | SR |
|:--|:--|:--|:--|:--|:--|
| **Iqbal Miah** | 4.3 | 1 | 5 | 3 | 1.67 | 8.6 |
| **Patrick Wigg** | 50 | 7 | 186 | 17 | 10.94 | 17.65 |
| **Andrew Slight** | 8.7 | 1 | 34 | 3 | 11.33 | 17.4 |
| **Andy Woodbridge** | 6 | 0 | 34 | 3 | 11.33 | 12 |
| **Edward Garland** | 37.1 | 3 | 132 | 11 | 12 | 20.24 |
| **Jerry Wright** | 80.5 | 12 | 259 | 21 | 12.33 | 23 |
| **Richard Earney** | 20 | 1 | 88 | 5 | 17.6 | 24 |
| **Gareth Powell** | 13 | 1 | 55 | 3 | 18.33 | 26 |
| **Ian Marshall** | 40 | 8 | 139 | 7 | 19.86 | 34.29 |
| **Tom Rutherford** | 66 | 10 | 206 | 9 | 22.89 | 44 |
| **Paul O’Mahony** | 59.3 | 5 | 226 | 8 | 28.25 | 44.48 |
| **Alex Binns** | 8 | 0 | 42 | 1 | 42 | 48 |
| **Mohit Gupta** | 12 | 1 | 62 | 1 | 62 | 72 |

## Career Bowling

| Player | Mat | O | M | R | W | Ave | SR |
|:---|:---|:---|:---|:---|:---|:---|
| **Jerry Wright** | 255 | 1888.3 | 295 | 6819 | 361 | 18.89 | 31.39 |
| **Richard Beswick** | 324 | 1585.2 | 294 | 5506 | 292 | 18.86 | 32.58 |
| **Ian Marshall** | 170 | 1507.5 | 374 | 4426 | 248 | 17.85 | 36.48 |
| **Edward Garland** | 146 | 556.1 | 45 | 2651 | 145 | 18.28 | 23.01 |
| **William Calvert** | 212 | 644.3 | 85 | 2932 | 145 | 20.22 | 26.67 |
| **Richard Earney** | 220 | 760.5 | 79 | 3581 | 144 | 24.87 | 31.70 |
| **Alan Sylvester** | 57 | 373.1 | 66 | 1402 | 74 | 18.95 | 30.26 |
| **Andrew MacFarlane** | 34 | 329 | 70 | 1041 | 68 | 15.31 | 29.03 |
| **Mark Kirwan** | 41 | 334.3 | 60 | 1111 | 68 | 16.34 | 29.51 |
| **Richard Green** | 29 | 232.5 | 23 | 925 | 55 | 16.82 | 25.40 |
| **Richard Olver** | 45 | 298 | 69 | 931 | 49 | 19.00 | 36.49 |
| **Paul O'Mahony** | 37 | 279.2 | 37 | 1069 | 48 | 22.27 | 34.92 |
| **Graeme Wright** | 49 | 332 | 56 | 1101 | 47 | 23.43 | 42.38 |
| **Harry Ingham** | 30 | 291.3 | 55 | 932 | 41 | 22.73 | 42.66 |
| **Steven Hornsby** | 62 | 175.4 | 14 | 867 | 40 | 21.68 | 26.35 |
| **Andrew Gallagher** | 98 | 138.3 | 11 | 748 | 38 | 19.68 | 21.87 |
| **Gareth Powell** | 36 | 272.3 | 41 | 993 | 36 | 27.58 | 45.42 |
| **Tony Purves** | 18 | 112.2 | 14 | 488 | 36 | 13.56 | 18.72 |
| **Mark Gardiner** | 97 | 139.5 | 11 | 603 | 33 | 18.27 | 25.42 |
| **Steve Masterson** | 22 | 204.1 | 37 | 682 | 32 | 21.31 | 38.28 |
| **Phil Bentley** | 19 | 166.3 | 30 | 518 | 31 | 16.71 | 32.23 |
| **Tom Rutherford** | 22 | 134.1 | 16 | 490 | 27 | 18.15 | 29.81 |
| **Mark Taylor** | 15 | 102 | 25 | 319 | 22 | 14.50 | 27.82 |
| **Patrick Wigg** | 17 | 114 | 17 | 445 | 21 | 21.19 | 32.57 |

## Career Bowling (by ave)

| Player | Mat | O | M | R | W | Ave | SR |
|:---|:---|:---|:---|:---|:---|:---|
| **Tony Purves** | 18 | 112.2 | 14 | 488 | 36 | 13.56 | 18.72 |
| **Mark Taylor** | 15 | 102 | 25 | 319 | 22 | 14.50 | 27.82 |
| **Andrew MacFarlane** | 34 | 329 | 70 | 1041 | 68 | 15.31 | 29.03 |
| **Mark Kirwan** | 41 | 334.3 | 60 | 1111 | 68 | 16.34 | 29.51 |
| **Phil Bentley** | 19 | 166.3 | 30 | 518 | 31 | 16.71 | 32.23 |
| **Richard Green** | 29 | 232.5 | 23 | 925 | 55 | 16.82 | 25.40 |
| **Ian Marshall** | 170 | 1507.5 | 374 | 4426 | 248 | 17.85 | 36.48 |
| **Tom Rutherford** | 22 | 134.1 | 16 | 490 | 27 | 18.15 | 29.81 |
| **Mark Gardiner** | 97 | 139.5 | 11 | 603 | 33 | 18.27 | 25.42 |
| **Edward Garland** | 146 | 556.1 | 45 | 2651 | 145 | 18.28 | 23.01 |
| **Richard Beswick** | 324 | 1585.2 | 294 | 5506 | 292 | 18.86 | 32.58 |
| **Jerry Wright** | 255 | 1888.3 | 295 | 6819 | 361 | 18.89 | 31.39 |
| **Alan Sylvester** | 57 | 373.1 | 66 | 1402 | 74 | 18.95 | 30.26 |
| **Richard Olver** | 45 | 298 | 69 | 931 | 49 | 19.00 | 36.49 |
| **Andrew Gallagher** | 98 | 138.3 | 11 | 748 | 38 | 19.68 | 21.87 |
| **William Calvert** | 212 | 644.3 | 85 | 2932 | 145 | 20.22 | 26.67 |
| **Patrick Wigg** | 17 | 114 | 17 | 445 | 21 | 21.19 | 32.57 |
| **Steve Masterson** | 22 | 204.1 | 37 | 682 | 32 | 21.31 | 38.28 |
| **Steven Hornsby** | 62 | 175.4 | 14 | 867 | 40 | 21.68 | 26.35 |
| **Paul O'Mahony** | 37 | 279.2 | 37 | 1069 | 48 | 22.27 | 34.92 |
| **Harry Ingham** | 30 | 291.3 | 55 | 932 | 41 | 22.73 | 42.66 |
| **Graeme Wright** | 49 | 332 | 56 | 1101 | 47 | 23.43 | 42.38 |
| **Richard Earney** | 220 | 760.5 | 79 | 3581 | 144 | 24.87 | 31.70 |
| **Gareth Powell** | 36 | 272.3 | 41 | 993 | 36 | 27.58 | 45.42 |
