---
layout: default
title: 2008 Statistics
nav_order: 34
parent: Statistics
---

{{page.title}}

## Season Batting

| Player | Inns | No | Runs | Ave |
|:--|:--|:--|:--|:--|
| **Richard Earney** | 13 | 1 | 321 | 26.75 |
| **Richard Beswick** | 14 | 1 | 253 | 19.46 |
| **Tom Rutherford** | 10 | 3 | 244 | 34.86 |
| **William Calvert** | 7 | 1 | 202 | 33.67 |
| **Martin Goff** | 9 | 1 | 188 | 23.5 |
| **Mohit Gupta** | 6 | 2 | 150 | 37.5 |
| **Jim Grant** | 9 | 2 | 124 | 17.71 |
| **Patrick Wigg** | 9 | 2 | 67 | 9.57 |
| **Shaquille Ahmed** | 5 | 0 | 53 | 10.6 |
| **Richard Coyle** | 5 | 3 | 39 | 19.5 |
| **Richard Green** | 2 | 0 | 39 | 19.5 |
| **Andrew Slight** | 4 | 0 | 30 | 7.5 |
| **Ian Marshall** | 2 | 2 | 28 | - |
| **Alf Beswick** | 3 | 1 | 17 | 8.5 |
| **Paul O’Mahony** | 4 | 2 | 16 | 8 |
| **Anu Narula** | 1 | 0 | 15 | 15 |
| **Simon Barrowcliff** | 1 | 0 | 13 | 13 |
| **Jerry Wright** | 3 | 2 | 13 | 13 |
| **Pete Grant** | 3 | 0 | 13 | 4.33 |
| **Frank Fraser** | 1 | 0 | 13 | 13 |
| **Mark Gardiner** | 1 | 1 | 12 | - |
| **Edward Garland** | 1 | 1 | 11 | - |
| **Jack Hulston** | 1 | 0 | 10 | 10 |
| **Thomas Barrowcliff** | 1 | 1 | 9 | - |
| **Iqbal Miah** | 1 | 0 | 5 | 5 |
| **Ben Richardson** | 1 | 0 | 5 | 5 |
| **Harry Ingham** | 1 | 0 | 4 | 4 |
| **Gordon Daley** | 1 | 0 | 2 | 2 |
| **Chip Horne** | 1 | 0 | 1 | 1 |
| **Richard O’Hagan** | 1 | 1 | 0 | - |
| **Kamal** | 0 | 0 | 0 | - |
| **Gareth Powell** | 0 | 0 | 0 | - |
| **Callum MacHattie** | 1 | 0 | 0 | 0 |
| **Mark Bates** | 1 | 0 | 0 | 0 |
| **David Wigg** | 1 | 0 | 0 | 0 |
| **Toby Carden** | 1 | 0 | 0 | 0 |

## Season Batting (by ave)

| Player | Inns | No | Runs | Ave |
|:--|:--|:--|:--|:--|
| **Mohit Gupta** | 6 | 2 | 150 | 37.5 |
| **Tom Rutherford** | 10 | 3 | 244 | 34.86 |
| **William Calvert** | 7 | 1 | 202 | 33.67 |
| **Richard Earney** | 13 | 1 | 321 | 26.75 |
| **Martin Goff** | 9 | 1 | 188 | 23.5 |
| **Richard Coyle** | 5 | 3 | 39 | 19.5 |
| **Richard Green** | 2 | 0 | 39 | 19.5 |
| **Richard Beswick** | 14 | 1 | 253 | 19.46 |
| **Jim Grant** | 9 | 2 | 124 | 17.71 |
| **Anu Narula** | 1 | 0 | 15 | 15 |
| **Simon Barrowcliff** | 1 | 0 | 13 | 13 |
| **Jerry Wright** | 3 | 2 | 13 | 13 |
| **Frank Fraser** | 1 | 0 | 13 | 13 |
| **Shaquille Ahmed** | 5 | 0 | 53 | 10.6 |
| **Jack Hulston** | 1 | 0 | 10 | 10 |
| **Patrick Wigg** | 9 | 2 | 67 | 9.57 |
| **Alf Beswick** | 3 | 1 | 17 | 8.5 |
| **Paul O’Mahony** | 4 | 2 | 16 | 8 |
| **Andrew Slight** | 4 | 0 | 30 | 7.5 |
| **Iqbal Miah** | 1 | 0 | 5 | 5 |
| **Ben Richardson** | 1 | 0 | 5 | 5 |
| **Pete Grant** | 3 | 0 | 13 | 4.33 |
| **Harry Ingham** | 1 | 0 | 4 | 4 |
| **Gordon Daley** | 1 | 0 | 2 | 2 |
| **Chip Horne** | 1 | 0 | 1 | 1 |
| **Callum MacHattie** | 1 | 0 | 0 | 0 |
| **Mark Bates** | 1 | 0 | 0 | 0 |
| **David Wigg** | 1 | 0 | 0 | 0 |
| **Toby Carden** | 1 | 0 | 0 | 0 |
| **Thomas Barrowcliff** | 1 | 1 | 9 | - |
| **Richard O’Hagan** | 1 | 1 | 0 | - |
| **Edward Garland** | 1 | 1 | 11 | - |
| **Kamal** | 0 | 0 | 0 | - |
| **Gareth Powell** | 0 | 0 | 0 | - |
| **Ian Marshall** | 2 | 2 | 28 | - |
| **Mark Gardiner** | 1 | 1 | 12 | - |

## Season Bowling

| Player | O | M | Runs | Wkts | Ave | SR |
|:--|:--|:--|:--|:--|:--|
| **Jerry Wright** | 99 | 13 | 324 | 30 | 10.8 | 19.8 |
| **Patrick Wigg** | 90.4 | 13 | 304 | 21 | 14.48 | 25.83 |
| **Edward Garland** | 39.2 | 7 | 138 | 14 | 9.86 | 16.8 |
| **Richard Earney** | 24 | 1 | 128 | 11 | 11.64 | 13.09 |
| **Paul O’Mahony** | 55 | 10 | 181 | 7 | 25.86 | 47.14 |
| **Tom Rutherford** | 40 | 6 | 152 | 7 | 21.71 | 34.29 |
| **Mohit Gupta** | 30 | 7 | 97 | 6 | 16.17 | 30 |
| **Richard Green** | 22.5 | 4 | 56 | 6 | 9.33 | 22.5 |
| **Ben Richardson** | 9 | 1 | 28 | 3 | 9.33 | 18 |
| **Richard O’Hagan** | 14.2 | 2 | 62 | 2 | 31 | 42.6 |
| **Gareth Powell** | 11 | 2 | 54 | 2 | 27 | 33 |
| **Ian Marshall** | 8 | 0 | 42 | 2 | 21 | 24 |
| **Iqbal Miah** | 17 | 2 | 50 | 2 | 25 | 51 |
| **Harry Ingham** | 11 | 2 | 19 | 2 | 9.5 | 33 |
| **Richard Beswick** | 30 | 11 | 102 | 1 | 102 | 180 |
| **Pete Grant** | .4 | 0 | 1 | 1 | 1 | 2.4 |
| **Alf Beswick** | 8 | 2 | 33 | 1 | 33 | 48 |
| **Toby Carden** | 4 | 0 | 24 | 1 | 24 | 24 |
| **Kamal** | 6.2 | 0 | 47 | 0 | - | - |
| **Callum MacHattie** | 4 | 0 | 12 | 0 | - | - |
| **Mark Bates** | 4 | 0 | 16 | 0 | - | - |

## Season Bowling (by ave)

| Player | O | M | Runs | Wkts | Ave | SR |
|:--|:--|:--|:--|:--|:--|
| **Pete Grant** | .4 | 0 | 1 | 1 | 1 | 2.4 |
| **Richard Green** | 22.5 | 4 | 56 | 6 | 9.33 | 22.5 |
| **Ben Richardson** | 9 | 1 | 28 | 3 | 9.33 | 18 |
| **Harry Ingham** | 11 | 2 | 19 | 2 | 9.5 | 33 |
| **Edward Garland** | 39.2 | 7 | 138 | 14 | 9.86 | 16.8 |
| **Jerry Wright** | 99 | 13 | 324 | 30 | 10.8 | 19.8 |
| **Richard Earney** | 24 | 1 | 128 | 11 | 11.64 | 13.09 |
| **Patrick Wigg** | 90.4 | 13 | 304 | 21 | 14.48 | 25.83 |
| **Mohit Gupta** | 30 | 7 | 97 | 6 | 16.17 | 30 |
| **Ian Marshall** | 8 | 0 | 42 | 2 | 21 | 24 |
| **Tom Rutherford** | 40 | 6 | 152 | 7 | 21.71 | 34.29 |
| **Toby Carden** | 4 | 0 | 24 | 1 | 24 | 24 |
| **Iqbal Miah** | 17 | 2 | 50 | 2 | 25 | 51 |
| **Paul O’Mahony** | 55 | 10 | 181 | 7 | 25.86 | 47.14 |
| **Gareth Powell** | 11 | 2 | 54 | 2 | 27 | 33 |
| **Richard O’Hagan** | 14.2 | 2 | 62 | 2 | 31 | 42.6 |
| **Alf Beswick** | 8 | 2 | 33 | 1 | 33 | 48 |
| **Richard Beswick** | 30 | 11 | 102 | 1 | 102 | 180 |

## Career Batting

| Player | M | Inns | NOs | Runs | Ave |
|:---|:---|:---|:---|:---|:---|
| **Richard Earney** | 233 | 226 | 18 | 6238 | 29.99 |
| **Richard Beswick** | 338 | 310 | 54 | 5300 | 20.70 |
| **Jim Grant** | 284 | 251 | 28 | 4010 | 17.98 |
| **William Calvert** | 222 | 202 | 27 | 2847 | 16.27 |
| **Ian Marshall** | 172 | 131 | 22 | 2342 | 21.49 |
| **Andrew Gallagher** | 99 | 94 | 5 | 2161 | 24.28 |
| **Steven Hornsby** | 62 | 59 | 7 | 2109 | 40.56 |
| **Simon Barrowcliff** | 76 | 73 | 6 | 1707 | 25.48 |
| **Edward Garland** | 153 | 111 | 29 | 1229 | 14.99 |
| **Martin Goff** | 29 | 29 | 3 | 987 | 37.96 |
| **Andrew Slight** | 86 | 72 | 6 | 788 | 11.94 |
| **David Swann** | 21 | 20 | 5 | 755 | 50.33 |
| **Jerry Wright** | 268 | 132 | 47 | 734 | 8.64 |
| **Pete Grant** | 105 | 94 | 13 | 698 | 8.62 |
| **Phil Bentley** | 19 | 18 | 2 | 683 | 42.69 |
| **Richard Kitson** | 34 | 34 | 4 | 649 | 21.63 |
| **Mark Gardiner** | 98 | 81 | 15 | 566 | 8.58 |
| **Martin Breddy** | 15 | 15 | 0 | 565 | 37.67 |
| **James Hylton** | 9 | 8 | 2 | 542 | 90.33 |
| **Will Wright** | 23 | 22 | 1 | 540 | 25.71 |
| **Andrew MacFarlane** | 34 | 30 | 0 | 530 | 17.67 |
| **Mark Taylor** | 15 | 15 | 2 | 495 | 38.08 |
| **David Young** | 91 | 67 | 18 | 493 | 10.06 |
| **Harry Ingham** | 31 | 28 | 6 | 486 | 22.09 |
| **Tony Purves** | 18 | 16 | 5 | 459 | 41.73 |
| **Mark Petre** | 27 | 27 | 3 | 437 | 18.21 |
| **Tom Rutherford** | 32 | 29 | 4 | 430 | 17.20 |
| **Alan Sylvester** | 58 | 35 | 16 | 380 | 20.00 |
| **Stuart Watson** | 14 | 14 | 4 | 370 | 37.00 |
| **Mark Kirwan** | 42 | 28 | 5 | 356 | 15.48 |
| **Richard Green** | 32 | 23 | 4 | 352 | 18.53 |
| **William Chapman** | 25 | 24 | 3 | 341 | 16.24 |
| **Andrew Fielding** | 39 | 35 | 2 | 340 | 10.30 |
| **Patrick Wigg** | 29 | 24 | 8 | 327 | 20.44 |
| **Richard Olver** | 45 | 30 | 14 | 287 | 17.94 |
| **Richard Coyle** | 54 | 48 | 13 | 285 | 8.14 |
| **John Packenham-Walsh** | 11 | 9 | 2 | 261 | 37.29 |
| **John Stimpfig** | 28 | 21 | 3 | 250 | 13.89 |

## Career Batting (by ave)

| Player | M | Inns | NOs | Runs | Ave |
|:---|:---|:---|:---|:---|:---|
| **James Hylton** | 9 | 8 | 2 | 542 | 90.33 |
| **David Swann** | 21 | 20 | 5 | 755 | 50.33 |
| **Phil Bentley** | 19 | 18 | 2 | 683 | 42.69 |
| **Tony Purves** | 18 | 16 | 5 | 459 | 41.73 |
| **Steven Hornsby** | 62 | 59 | 7 | 2109 | 40.56 |
| **Mark Taylor** | 15 | 15 | 2 | 495 | 38.08 |
| **Martin Goff** | 29 | 29 | 3 | 987 | 37.96 |
| **Martin Breddy** | 15 | 15 | 0 | 565 | 37.67 |
| **John Packenham-Walsh** | 11 | 9 | 2 | 261 | 37.29 |
| **Stuart Watson** | 14 | 14 | 4 | 370 | 37.00 |
| **Richard Earney** | 233 | 226 | 18 | 6238 | 29.99 |
| **Will Wright** | 23 | 22 | 1 | 540 | 25.71 |
| **Simon Barrowcliff** | 76 | 73 | 6 | 1707 | 25.48 |
| **Andrew Gallagher** | 99 | 94 | 5 | 2161 | 24.28 |
| **Harry Ingham** | 31 | 28 | 6 | 486 | 22.09 |
| **Richard Kitson** | 34 | 34 | 4 | 649 | 21.63 |
| **Ian Marshall** | 172 | 131 | 22 | 2342 | 21.49 |
| **Richard Beswick** | 338 | 310 | 54 | 5300 | 20.70 |
| **Patrick Wigg** | 29 | 24 | 8 | 327 | 20.44 |
| **Alan Sylvester** | 58 | 35 | 16 | 380 | 20.00 |
| **Richard Green** | 32 | 23 | 4 | 352 | 18.53 |
| **Mark Petre** | 27 | 27 | 3 | 437 | 18.21 |
| **Jim Grant** | 284 | 251 | 28 | 4010 | 17.98 |
| **Richard Olver** | 45 | 30 | 14 | 287 | 17.94 |
| **Andrew MacFarlane** | 34 | 30 | 0 | 530 | 17.67 |
| **Tom Rutherford** | 32 | 29 | 4 | 430 | 17.20 |
| **William Calvert** | 222 | 202 | 27 | 2847 | 16.27 |
| **William Chapman** | 25 | 24 | 3 | 341 | 16.24 |
| **Mark Kirwan** | 42 | 28 | 5 | 356 | 15.48 |
| **Edward Garland** | 153 | 111 | 29 | 1229 | 14.99 |
| **John Stimpfig** | 28 | 21 | 3 | 250 | 13.89 |
| **Andrew Slight** | 86 | 72 | 6 | 788 | 11.94 |
| **Andrew Fielding** | 39 | 35 | 2 | 340 | 10.30 |
| **David Young** | 91 | 67 | 18 | 493 | 10.06 |
| **Jerry Wright** | 268 | 132 | 47 | 734 | 8.64 |
| **Pete Grant** | 105 | 94 | 13 | 698 | 8.62 |
| **Mark Gardiner** | 98 | 81 | 15 | 566 | 8.58 |
| **Richard Coyle** | 54 | 48 | 13 | 285 | 8.14 |

## Career Bowling

| Player | M | O | M | R | W | Ave | SR |
|:---|:---|:---|:---|:---|:---|:---|:---|
| **Jerry Wright** | 268 | 1976.6 | 309 | 7241 | 392 | 18.47 | 30.25 |
| **Richard Beswick** | 338 | 1622.9 | 305 | 5608 | 293 | 19.14 | 33.23 |
| **Ian Marshall** | 172 | 1511.9 | 374 | 4467 | 250 | 17.87 | 36.29 |
| **Edward Garland** | 153 | 594.5 | 52 | 2789 | 159 | 17.54 | 22.43 |
| **Richard Earney** | 233 | 782.9 | 80 | 3708 | 156 | 23.77 | 30.11 |
| **William Calvert** | 222 | 643.5 | 85 | 2932 | 145 | 20.22 | 26.63 |
| **Alan Sylvester** | 58 | 377.1 | 66 | 1416 | 76 | 18.63 | 29.77 |
| **Mark Kirwan** | 42 | 339.3 | 60 | 1137 | 70 | 16.24 | 29.08 |
| **Andrew MacFarlane** | 34 | 357.2 | 70 | 1041 | 68 | 15.31 | 31.52 |
| **Richard Green** | 32 | 254.1 | 27 | 981 | 61 | 16.08 | 24.99 |
| **Paul O'Mahony** | 45 | 332.8 | 47 | 1250 | 55 | 22.73 | 36.31 |
| **Richard Olver** | 45 | 304 | 69 | 931 | 49 | 19.00 | 37.22 |
| **Graeme Wright** | 49 | 339 | 56 | 1101 | 47 | 23.43 | 43.28 |
| **Harry Ingham** | 31 | 302.3 | 57 | 951 | 43 | 22.12 | 42.18 |
| **Patrick Wigg** | 29 | 204.4 | 30 | 749 | 42 | 17.83 | 29.20 |
| **Steven Hornsby** | 62 | 175.4 | 14 | 867 | 40 | 21.68 | 26.31 |
| **Andrew Gallagher** | 99 | 151.1 | 11 | 761 | 38 | 20.03 | 23.86 |
| **Gareth Powell** | 38 | 283.3 | 43 | 1047 | 38 | 27.55 | 44.73 |
| **Tony Purves** | 18 | 111.8 | 14 | 488 | 36 | 13.56 | 18.63 |
| **Tom Rutherford** | 32 | 173.7 | 22 | 642 | 34 | 18.88 | 30.65 |
| **Mark Gardiner** | 98 | 139.5 | 11 | 603 | 33 | 18.27 | 25.36 |
| **Steve Masterson** | 22 | 204.1 | 37 | 682 | 32 | 21.31 | 38.27 |
| **Phil Bentley** | 19 | 165.9 | 30 | 518 | 31 | 16.71 | 32.11 |

## Career Bowling (by ave)

| Player | M | O | M | R | W | Ave | SR |
|:---|:---|:---|:---|:---|:---|:---|:---|
| **Tony Purves** | 18 | 111.8 | 14 | 488 | 36 | 13.56 | 18.63 |
| **Andrew MacFarlane** | 34 | 357.2 | 70 | 1041 | 68 | 15.31 | 31.52 |
| **Richard Green** | 32 | 254.1 | 27 | 981 | 61 | 16.08 | 24.99 |
| **Mark Kirwan** | 42 | 339.3 | 60 | 1137 | 70 | 16.24 | 29.08 |
| **Phil Bentley** | 19 | 165.9 | 30 | 518 | 31 | 16.71 | 32.11 |
| **Edward Garland** | 153 | 594.5 | 52 | 2789 | 159 | 17.54 | 22.43 |
| **Patrick Wigg** | 29 | 204.4 | 30 | 749 | 42 | 17.83 | 29.20 |
| **Ian Marshall** | 172 | 1511.9 | 374 | 4467 | 250 | 17.87 | 36.29 |
| **Mark Gardiner** | 98 | 139.5 | 11 | 603 | 33 | 18.27 | 25.36 |
| **Jerry Wright** | 268 | 1976.6 | 309 | 7241 | 392 | 18.47 | 30.25 |
| **Alan Sylvester** | 58 | 377.1 | 66 | 1416 | 76 | 18.63 | 29.77 |
| **Tom Rutherford** | 32 | 173.7 | 22 | 642 | 34 | 18.88 | 30.65 |
| **Richard Olver** | 45 | 304 | 69 | 931 | 49 | 19.00 | 37.22 |
| **Richard Beswick** | 338 | 1622.9 | 305 | 5608 | 293 | 19.14 | 33.23 |
| **Andrew Gallagher** | 99 | 151.1 | 11 | 761 | 38 | 20.03 | 23.86 |
| **William Calvert** | 222 | 643.5 | 85 | 2932 | 145 | 20.22 | 26.63 |
| **Steve Masterson** | 22 | 204.1 | 37 | 682 | 32 | 21.31 | 38.27 |
| **Steven Hornsby** | 62 | 175.4 | 14 | 867 | 40 | 21.68 | 26.31 |
| **Harry Ingham** | 31 | 302.3 | 57 | 951 | 43 | 22.12 | 42.18 |
| **Paul O'Mahony** | 45 | 332.8 | 47 | 1250 | 55 | 22.73 | 36.31 |
| **Graeme Wright** | 49 | 339 | 56 | 1101 | 47 | 23.43 | 43.28 |
| **Richard Earney** | 233 | 782.9 | 80 | 3708 | 156 | 23.77 | 30.11 |
| **Gareth Powell** | 38 | 283.3 | 43 | 1047 | 38 | 27.55 | 44.73 |
