---
layout: default
title: 2008 Statistics
nav_order: 81
parent: Statistics
---

# {{page.title}}

(Career Qualification 200 runs; 20 wkts)

<details open markdown="block">
  {: .text-delta }
1. TOC
{:toc}
</details>

Richard Earney: 6000 runs

## Season Batting

| Player | Inns | No | Runs | Ave |
|:--|:--|:--|:--|:--|
| **Richard Earney** | 13 | 1 | 321 | 26.75 |
| **Richard Beswick** | 14 | 1 | 253 | 19.46 |
| **Tom Rutherford** | 10 | 3 | 244 | 34.86 |
| **William Calvert** | 7 | 1 | 202 | 33.67 |
| **Martin Goff** | 9 | 1 | 188 | 23.5 |
| **Mohit Gupta** | 6 | 2 | 150 | 37.5 |
| **Jim Grant** | 9 | 2 | 124 | 17.71 |
| **Patrick Wigg** | 9 | 2 | 67 | 9.57 |
| **Shaquille Ahmed** | 5 | 0 | 53 | 10.6 |
| **Richard Coyle** | 5 | 3 | 39 | 19.5 |
| **Richard Green** | 2 | 0 | 39 | 19.5 |
| **Andrew Slight** | 4 | 0 | 30 | 7.5 |
| **Ian Marshall** | 2 | 2 | 28 | - |
| **Alf Beswick** | 3 | 1 | 17 | 8.5 |
| **Paul O’Mahony** | 4 | 2 | 16 | 8 |
| **Anu Narula** | 1 | 0 | 15 | 15 |
| **Simon Barrowcliff** | 1 | 0 | 13 | 13 |
| **Jerry Wright** | 3 | 2 | 13 | 13 |
| **Pete Grant** | 3 | 0 | 13 | 4.33 |
| **Frank Fraser** | 1 | 0 | 13 | 13 |
| **Mark Gardiner** | 1 | 1 | 12 | - |
| **Edward Garland** | 1 | 1 | 11 | - |
| **Jack Hulston** | 1 | 0 | 10 | 10 |
| **Thomas Barrowcliff** | 1 | 1 | 9 | - |
| **Iqbal Miah** | 1 | 0 | 5 | 5 |
| **Ben Richardson** | 1 | 0 | 5 | 5 |
| **Harry Ingham** | 1 | 0 | 4 | 4 |
| **Gordon Daley** | 1 | 0 | 2 | 2 |
| **Chip Horne** | 1 | 0 | 1 | 1 |
| **Richard O’Hagan** | 1 | 1 | 0 | - |
| **Kamal** | 0 | 0 | 0 | - |
| **Gareth Powell** | 0 | 0 | 0 | - |
| **Callum MacHattie** | 1 | 0 | 0 | 0 |
| **Mark Bates** | 1 | 0 | 0 | 0 |
| **David Wigg** | 1 | 0 | 0 | 0 |
| **Toby Carden** | 1 | 0 | 0 | 0 |

## Season Batting (by ave)

| Player | Inns | No | Runs | Ave |
|:--|:--|:--|:--|:--|
| **Mohit Gupta** | 6 | 2 | 150 | 37.5 |
| **Tom Rutherford** | 10 | 3 | 244 | 34.86 |
| **William Calvert** | 7 | 1 | 202 | 33.67 |
| **Richard Earney** | 13 | 1 | 321 | 26.75 |
| **Martin Goff** | 9 | 1 | 188 | 23.5 |
| **Richard Coyle** | 5 | 3 | 39 | 19.5 |
| **Richard Green** | 2 | 0 | 39 | 19.5 |
| **Richard Beswick** | 14 | 1 | 253 | 19.46 |
| **Jim Grant** | 9 | 2 | 124 | 17.71 |
| **Anu Narula** | 1 | 0 | 15 | 15 |
| **Simon Barrowcliff** | 1 | 0 | 13 | 13 |
| **Jerry Wright** | 3 | 2 | 13 | 13 |
| **Frank Fraser** | 1 | 0 | 13 | 13 |
| **Shaquille Ahmed** | 5 | 0 | 53 | 10.6 |
| **Jack Hulston** | 1 | 0 | 10 | 10 |
| **Patrick Wigg** | 9 | 2 | 67 | 9.57 |
| **Alf Beswick** | 3 | 1 | 17 | 8.5 |
| **Paul O’Mahony** | 4 | 2 | 16 | 8 |
| **Andrew Slight** | 4 | 0 | 30 | 7.5 |
| **Iqbal Miah** | 1 | 0 | 5 | 5 |
| **Ben Richardson** | 1 | 0 | 5 | 5 |
| **Pete Grant** | 3 | 0 | 13 | 4.33 |
| **Harry Ingham** | 1 | 0 | 4 | 4 |
| **Gordon Daley** | 1 | 0 | 2 | 2 |
| **Chip Horne** | 1 | 0 | 1 | 1 |
| **Callum MacHattie** | 1 | 0 | 0 | 0 |
| **Mark Bates** | 1 | 0 | 0 | 0 |
| **David Wigg** | 1 | 0 | 0 | 0 |
| **Toby Carden** | 1 | 0 | 0 | 0 |
| **Thomas Barrowcliff** | 1 | 1 | 9 | - |
| **Richard O’Hagan** | 1 | 1 | 0 | - |
| **Edward Garland** | 1 | 1 | 11 | - |
| **Kamal** | 0 | 0 | 0 | - |
| **Gareth Powell** | 0 | 0 | 0 | - |
| **Ian Marshall** | 2 | 2 | 28 | - |
| **Mark Gardiner** | 1 | 1 | 12 | - |

## Career Batting

| Player | Mat | Inns | No | Runs | Ave |
|:---|:---|:---|:---|:---|:---|
| **Richard Earney** | 233 | 226 | 18 | 6238 | 29.99 |
| **Richard Beswick** | 338 | 310 | 55 | 5322 | 20.87 |
| **Jim Grant** | 284 | 251 | 28 | 3985 | 17.87 |
| **William Calvert** | 221 | 201 | 27 | 2836 | 16.30 |
| **Ian Marshall** | 172 | 132 | 23 | 2342 | 21.49 |
| **Andrew Gallagher** | 98 | 93 | 5 | 2199 | 24.99 |
| **Steven Hornsby** | 62 | 59 | 7 | 2109 | 40.56 |
| **Simon Barrowcliff** | 76 | 73 | 6 | 1707 | 25.48 |
| **Edward Garland** | 153 | 111 | 29 | 1229 | 14.99 |
| **Martin Goff** | 29 | 29 | 3 | 987 | 37.96 |
| **Andrew Slight** | 86 | 72 | 6 | 788 | 11.94 |
| **David Swann** | 21 | 20 | 5 | 755 | 50.33 |
| **Jerry Wright** | 267 | 132 | 48 | 748 | 8.90 |
| **Pete Grant** | 105 | 94 | 13 | 698 | 8.62 |
| **Phil Bentley** | 19 | 18 | 2 | 683 | 42.69 |
| **Richard Kitson** | 34 | 34 | 4 | 649 | 21.63 |
| **Will Wright** | 24 | 23 | 2 | 579 | 27.57 |
| **Mark Gardiner** | 98 | 81 | 15 | 566 | 8.58 |
| **Martin Breddy** | 15 | 15 | 0 | 565 | 37.67 |
| **James Hylton** | 9 | 8 | 2 | 542 | 90.33 |
| **Andrew MacFarlane** | 34 | 30 | 0 | 530 | 17.67 |
| **Mark Taylor** | 15 | 15 | 2 | 495 | 38.08 |
| **David Young** | 91 | 67 | 18 | 493 | 10.06 |
| **Harry Ingham** | 31 | 28 | 6 | 486 | 22.09 |
| **Tony Purves** | 18 | 16 | 5 | 459 | 41.73 |
| **Mark Petre** | 27 | 27 | 3 | 437 | 18.21 |
| **Tom Rutherford** | 32 | 29 | 4 | 430 | 17.20 |
| **Alan Sylvester** | 57 | 35 | 16 | 380 | 20.00 |
| **Stuart Watson** | 14 | 14 | 4 | 370 | 37.00 |
| **Mark Kirwan** | 41 | 28 | 5 | 356 | 15.48 |
| **Richard Green** | 32 | 23 | 4 | 352 | 18.53 |
| **William Chapman** | 25 | 24 | 3 | 341 | 16.24 |
| **Andrew Fielding** | 39 | 35 | 2 | 340 | 10.30 |
| **Patrick Wigg** | 29 | 24 | 8 | 327 | 20.44 |
| **Richard Olver** | 45 | 30 | 14 | 287 | 17.94 |
| **Richard Coyle** | 54 | 48 | 13 | 285 | 8.14 |
| **John Packenham-Walsh** | 11 | 9 | 2 | 261 | 37.29 |
| **John Stimpfig** | 28 | 21 | 3 | 250 | 13.89 |
| **James Booth** | 9 | 9 | 1 | 235 | 29.38 |
| **Tim Horsey** | 44 | 40 | 9 | 228 | 7.35 |


## Career Batting (by Ave)

| Player | Mat | Inns | No | Runs | Ave |
|:---|:---|:---|:---|:---|:---|
| **James Hylton** | 9 | 8 | 2 | 542 | 90.33 |
| **David Swann** | 21 | 20 | 5 | 755 | 50.33 |
| **Phil Bentley** | 19 | 18 | 2 | 683 | 42.69 |
| **Tony Purves** | 18 | 16 | 5 | 459 | 41.73 |
| **Steven Hornsby** | 62 | 59 | 7 | 2109 | 40.56 |
| **Mark Taylor** | 15 | 15 | 2 | 495 | 38.08 |
| **Martin Goff** | 29 | 29 | 3 | 987 | 37.96 |
| **Martin Breddy** | 15 | 15 | 0 | 565 | 37.67 |
| **John Packenham-Walsh** | 11 | 9 | 2 | 261 | 37.29 |
| **Stuart Watson** | 14 | 14 | 4 | 370 | 37.00 |
| **Richard Earney** | 233 | 226 | 18 | 6238 | 29.99 |
| **James Booth** | 9 | 9 | 1 | 235 | 29.38 |
| **Will Wright** | 24 | 23 | 2 | 579 | 27.57 |
| **Simon Barrowcliff** | 76 | 73 | 6 | 1707 | 25.48 |
| **Andrew Gallagher** | 98 | 93 | 5 | 2199 | 24.99 |
| **Harry Ingham** | 31 | 28 | 6 | 486 | 22.09 |
| **Richard Kitson** | 34 | 34 | 4 | 649 | 21.63 |
| **Ian Marshall** | 172 | 132 | 23 | 2342 | 21.49 |
| **Richard Beswick** | 338 | 310 | 55 | 5322 | 20.87 |
| **Patrick Wigg** | 29 | 24 | 8 | 327 | 20.44 |
| **Alan Sylvester** | 57 | 35 | 16 | 380 | 20.00 |
| **Richard Green** | 32 | 23 | 4 | 352 | 18.53 |
| **Mark Petre** | 27 | 27 | 3 | 437 | 18.21 |
| **Richard Olver** | 45 | 30 | 14 | 287 | 17.94 |
| **Jim Grant** | 284 | 251 | 28 | 3985 | 17.87 |
| **Andrew MacFarlane** | 34 | 30 | 0 | 530 | 17.67 |
| **Tom Rutherford** | 32 | 29 | 4 | 430 | 17.20 |
| **William Calvert** | 221 | 201 | 27 | 2836 | 16.30 |
| **William Chapman** | 25 | 24 | 3 | 341 | 16.24 |
| **Mark Kirwan** | 41 | 28 | 5 | 356 | 15.48 |
| **Edward Garland** | 153 | 111 | 29 | 1229 | 14.99 |
| **John Stimpfig** | 28 | 21 | 3 | 250 | 13.89 |
| **Andrew Slight** | 86 | 72 | 6 | 788 | 11.94 |
| **Andrew Fielding** | 39 | 35 | 2 | 340 | 10.30 |
| **David Young** | 91 | 67 | 18 | 493 | 10.06 |
| **Jerry Wright** | 267 | 132 | 48 | 748 | 8.90 |
| **Pete Grant** | 105 | 94 | 13 | 698 | 8.62 |
| **Mark Gardiner** | 98 | 81 | 15 | 566 | 8.58 |
| **Richard Coyle** | 54 | 48 | 13 | 285 | 8.14 |
| **Tim Horsey** | 44 | 40 | 9 | 228 | 7.35 |


## Season Bowling

| Player | O | M | Runs | Wkts | Ave | SR |
|:--|:--|:--|:--|:--|:--|
| **Jerry Wright** | 99 | 13 | 324 | 30 | 10.8 | 19.8 |
| **Patrick Wigg** | 90.4 | 13 | 304 | 21 | 14.48 | 25.83 |
| **Edward Garland** | 39.2 | 7 | 138 | 14 | 9.86 | 16.8 |
| **Richard Earney** | 24 | 1 | 128 | 11 | 11.64 | 13.09 |
| **Paul O’Mahony** | 55 | 10 | 181 | 7 | 25.86 | 47.14 |
| **Tom Rutherford** | 40 | 6 | 152 | 7 | 21.71 | 34.29 |
| **Mohit Gupta** | 30 | 7 | 97 | 6 | 16.17 | 30 |
| **Richard Green** | 22.5 | 4 | 56 | 6 | 9.33 | 22.5 |
| **Ben Richardson** | 9 | 1 | 28 | 3 | 9.33 | 18 |
| **Richard O’Hagan** | 14.2 | 2 | 62 | 2 | 31 | 42.6 |
| **Gareth Powell** | 11 | 2 | 54 | 2 | 27 | 33 |
| **Ian Marshall** | 8 | 0 | 42 | 2 | 21 | 24 |
| **Iqbal Miah** | 17 | 2 | 50 | 2 | 25 | 51 |
| **Harry Ingham** | 11 | 2 | 19 | 2 | 9.5 | 33 |
| **Richard Beswick** | 30 | 11 | 102 | 1 | 102 | 180 |
| **Pete Grant** | .4 | 0 | 1 | 1 | 1 | 2.4 |
| **Alf Beswick** | 8 | 2 | 33 | 1 | 33 | 48 |
| **Toby Carden** | 4 | 0 | 24 | 1 | 24 | 24 |
| **Kamal** | 6.2 | 0 | 47 | 0 | - | - |
| **Callum MacHattie** | 4 | 0 | 12 | 0 | - | - |
| **Mark Bates** | 4 | 0 | 16 | 0 | - | - |

## Season Bowling (by ave)

| Player | O | M | Runs | Wkts | Ave | SR |
|:--|:--|:--|:--|:--|:--|
| **Pete Grant** | .4 | 0 | 1 | 1 | 1 | 2.4 |
| **Richard Green** | 22.5 | 4 | 56 | 6 | 9.33 | 22.5 |
| **Ben Richardson** | 9 | 1 | 28 | 3 | 9.33 | 18 |
| **Harry Ingham** | 11 | 2 | 19 | 2 | 9.5 | 33 |
| **Edward Garland** | 39.2 | 7 | 138 | 14 | 9.86 | 16.8 |
| **Jerry Wright** | 99 | 13 | 324 | 30 | 10.8 | 19.8 |
| **Richard Earney** | 24 | 1 | 128 | 11 | 11.64 | 13.09 |
| **Patrick Wigg** | 90.4 | 13 | 304 | 21 | 14.48 | 25.83 |
| **Mohit Gupta** | 30 | 7 | 97 | 6 | 16.17 | 30 |
| **Ian Marshall** | 8 | 0 | 42 | 2 | 21 | 24 |
| **Tom Rutherford** | 40 | 6 | 152 | 7 | 21.71 | 34.29 |
| **Toby Carden** | 4 | 0 | 24 | 1 | 24 | 24 |
| **Iqbal Miah** | 17 | 2 | 50 | 2 | 25 | 51 |
| **Paul O’Mahony** | 55 | 10 | 181 | 7 | 25.86 | 47.14 |
| **Gareth Powell** | 11 | 2 | 54 | 2 | 27 | 33 |
| **Richard O’Hagan** | 14.2 | 2 | 62 | 2 | 31 | 42.6 |
| **Alf Beswick** | 8 | 2 | 33 | 1 | 33 | 48 |
| **Richard Beswick** | 30 | 11 | 102 | 1 | 102 | 180 |

## Career Bowling

| Player | Mat | O | M | R | W | Ave | SR |
|:---|:---|:---|:---|:---|:---|:---|
| **Jerry Wright** | 267 | 1987.3 | 308 | 7143 | 391 | 18.27 | 30.50 |
| **Richard Beswick** | 338 | 1615.2 | 305 | 5608 | 293 | 19.14 | 33.08 |
| **Ian Marshall** | 172 | 1515.5 | 374 | 4468 | 250 | 17.87 | 36.38 |
| **Edward Garland** | 153 | 595.3 | 52 | 2789 | 159 | 17.54 | 22.47 |
| **Richard Earney** | 233 | 784.5 | 80 | 3709 | 155 | 23.93 | 30.38 |
| **William Calvert** | 221 | 644.3 | 85 | 2932 | 145 | 20.22 | 26.67 |
| **Alan Sylvester** | 57 | 373.1 | 66 | 1402 | 74 | 18.95 | 30.26 |
| **Andrew MacFarlane** | 34 | 329 | 70 | 1041 | 68 | 15.31 | 29.03 |
| **Mark Kirwan** | 41 | 334.3 | 60 | 1111 | 68 | 16.34 | 29.51 |
| **Richard Green** | 32 | 255.4 | 27 | 981 | 61 | 16.08 | 25.15 |
| **Paul O'Mahony** | 45 | 334.2 | 47 | 1250 | 55 | 22.73 | 36.47 |
| **Richard Olver** | 45 | 298 | 69 | 931 | 49 | 19.00 | 36.49 |
| **Graeme Wright** | 49 | 332 | 56 | 1101 | 47 | 23.43 | 42.38 |
| **Harry Ingham** | 31 | 302.3 | 57 | 951 | 43 | 22.12 | 42.21 |
| **Patrick Wigg** | 29 | 204.4 | 30 | 749 | 42 | 17.83 | 29.24 |
| **Steven Hornsby** | 62 | 175.4 | 14 | 867 | 40 | 21.68 | 26.35 |
| **Andrew Gallagher** | 98 | 138.3 | 11 | 748 | 38 | 19.68 | 21.87 |
| **Gareth Powell** | 38 | 283.3 | 43 | 1047 | 38 | 27.55 | 44.76 |
| **Tony Purves** | 18 | 112.2 | 14 | 488 | 36 | 13.56 | 18.72 |
| **Tom Rutherford** | 32 | 174.1 | 22 | 642 | 34 | 18.88 | 30.74 |
| **Mark Gardiner** | 98 | 139.5 | 11 | 603 | 33 | 18.27 | 25.42 |
| **Steve Masterson** | 22 | 204.1 | 37 | 682 | 32 | 21.31 | 38.28 |
| **Phil Bentley** | 19 | 166.3 | 30 | 518 | 31 | 16.71 | 32.23 |
| **Mark Taylor** | 15 | 102 | 25 | 319 | 22 | 14.50 | 27.82 |

## Career Bowling (by ave)

| Player | Mat | O | M | R | W | Ave | SR |
|:---|:---|:---|:---|:---|:---|:---|
| **Tony Purves** | 18 | 112.2 | 14 | 488 | 36 | 13.56 | 18.72 |
| **Mark Taylor** | 15 | 102 | 25 | 319 | 22 | 14.50 | 27.82 |
| **Andrew MacFarlane** | 34 | 329 | 70 | 1041 | 68 | 15.31 | 29.03 |
| **Richard Green** | 32 | 255.4 | 27 | 981 | 61 | 16.08 | 25.15 |
| **Mark Kirwan** | 41 | 334.3 | 60 | 1111 | 68 | 16.34 | 29.51 |
| **Phil Bentley** | 19 | 166.3 | 30 | 518 | 31 | 16.71 | 32.23 |
| **Edward Garland** | 153 | 595.3 | 52 | 2789 | 159 | 17.54 | 22.47 |
| **Patrick Wigg** | 29 | 204.4 | 30 | 749 | 42 | 17.83 | 29.24 |
| **Ian Marshall** | 172 | 1515.5 | 374 | 4468 | 250 | 17.87 | 36.38 |
| **Jerry Wright** | 267 | 1987.3 | 308 | 7143 | 391 | 18.27 | 30.50 |
| **Mark Gardiner** | 98 | 139.5 | 11 | 603 | 33 | 18.27 | 25.42 |
| **Tom Rutherford** | 32 | 174.1 | 22 | 642 | 34 | 18.88 | 30.74 |
| **Alan Sylvester** | 57 | 373.1 | 66 | 1402 | 74 | 18.95 | 30.26 |
| **Richard Olver** | 45 | 298 | 69 | 931 | 49 | 19.00 | 36.49 |
| **Richard Beswick** | 338 | 1615.2 | 305 | 5608 | 293 | 19.14 | 33.08 |
| **Andrew Gallagher** | 98 | 138.3 | 11 | 748 | 38 | 19.68 | 21.87 |
| **William Calvert** | 221 | 644.3 | 85 | 2932 | 145 | 20.22 | 26.67 |
| **Steve Masterson** | 22 | 204.1 | 37 | 682 | 32 | 21.31 | 38.28 |
| **Steven Hornsby** | 62 | 175.4 | 14 | 867 | 40 | 21.68 | 26.35 |
| **Harry Ingham** | 31 | 302.3 | 57 | 951 | 43 | 22.12 | 42.21 |
| **Paul O'Mahony** | 45 | 334.2 | 47 | 1250 | 55 | 22.73 | 36.47 |
| **Graeme Wright** | 49 | 332 | 56 | 1101 | 47 | 23.43 | 42.38 |
| **Richard Earney** | 233 | 784.5 | 80 | 3709 | 155 | 23.93 | 30.38 |
| **Gareth Powell** | 38 | 283.3 | 43 | 1047 | 38 | 27.55 | 44.76 |

