---
layout: default
title: 2009 Statistics
nav_order: 80
parent: Statistics
---

# {{page.title}}

(Career Qualification 200 runs; 20 wkts)

<details open markdown="block">
  {: .text-delta }
1. TOC
{:toc}
</details>

Jim Grant: 4000 runs, Martin Goff: 1000 runs

## Season Batting

| Player | Inns | No | Runs | Ave |
|:--|:--|:--|:--|:--|
| **Mohit Gupta** | 11 | 2 | 459 | 51 |
| **Richard Beswick** | 12 | 0 | 387 | 32.25 |
| **Richard Earney** | 12 | 1 | 339 | 30.82 |
| **Patrick Wigg** | 11 | 3 | 137 | 17.13 |
| **David Wigg** | 6 | 1 | 133 | 26.6 |
| **William Calvert** | 7 | 0 | 122 | 17.43 |
| **Martin Goff** | 7 | 0 | 106 | 15.14 |
| **Toby Carden** | 4 | 1 | 101 | 33.67 |
| **Jim Grant** | 9 | 1 | 89 | 11.13 |
| **Andrew Gallagher** | 3 | 0 | 71 | 23.67 |
| **Ian Marshall** | 5 | 2 | 58 | 19.33 |
| **Harry Ingham** | 3 | 1 | 52 | 26 |
| **Shaquille Ahmed** | 2 | 1 | 51 | 51 |
| **Edward Garland** | 4 | 3 | 41 | 41 |
| **Simon Barrowcliff** | 3 | 0 | 35 | 11.67 |
| **Andrew Moonie** | 1 | 0 | 29 | 29 |
| **Andrew Slight** | 2 | 0 | 28 | 14 |
| **Alf Beswick** | 4 | 0 | 28 | 7 |
| **Steven Hornsby** | 2 | 0 | 24 | 12 |
| **Iqbal Miah** | 2 | 1 | 17 | 17 |
| **Jerry Wright** | 5 | 3 | 15 | 7.5 |
| **Richard Coyle** | 2 | 0 | 9 | 4.5 |
| **Gareth Powell** | 2 | 0 | 6 | 3 |
| **Ralf Wilkinson** | 2 | 0 | 5 | 2.5 |
| **Louis Barrowcliff** | 1 | 0 | 5 | 5 |
| **Kit Gallagher** | 1 | 0 | 4 | 4 |
| **Paul O’Mahony** | 2 | 1 | 3 | 3 |
| **Thomas Barrowcliff** | 1 | 0 | 1 | 1 |
| **Richard O’Hagan** | 1 | 0 | 0 | 0 |

## Season Batting (by ave)

| Player | Inns | No | Runs | Ave |
|:--|:--|:--|:--|:--|
| **Mohit Gupta** | 11 | 2 | 459 | 51 |
| **Shaquille Ahmed** | 2 | 1 | 51 | 51 |
| **Edward Garland** | 4 | 3 | 41 | 41 |
| **Toby Carden** | 4 | 1 | 101 | 33.67 |
| **Richard Beswick** | 12 | 0 | 387 | 32.25 |
| **Richard Earney** | 12 | 1 | 339 | 30.82 |
| **Andrew Moonie** | 1 | 0 | 29 | 29 |
| **David Wigg** | 6 | 1 | 133 | 26.6 |
| **Harry Ingham** | 3 | 1 | 52 | 26 |
| **Andrew Gallagher** | 3 | 0 | 71 | 23.67 |
| **Ian Marshall** | 5 | 2 | 58 | 19.33 |
| **William Calvert** | 7 | 0 | 122 | 17.43 |
| **Patrick Wigg** | 11 | 3 | 137 | 17.13 |
| **Iqbal Miah** | 2 | 1 | 17 | 17 |
| **Martin Goff** | 7 | 0 | 106 | 15.14 |
| **Andrew Slight** | 2 | 0 | 28 | 14 |
| **Steven Hornsby** | 2 | 0 | 24 | 12 |
| **Simon Barrowcliff** | 3 | 0 | 35 | 11.67 |
| **Jim Grant** | 9 | 1 | 89 | 11.13 |
| **Jerry Wright** | 5 | 3 | 15 | 7.5 |
| **Alf Beswick** | 4 | 0 | 28 | 7 |
| **Louis Barrowcliff** | 1 | 0 | 5 | 5 |
| **Richard Coyle** | 2 | 0 | 9 | 4.5 |
| **Kit Gallagher** | 1 | 0 | 4 | 4 |
| **Paul O’Mahony** | 2 | 1 | 3 | 3 |
| **Gareth Powell** | 2 | 0 | 6 | 3 |
| **Ralf Wilkinson** | 2 | 0 | 5 | 2.5 |
| **Thomas Barrowcliff** | 1 | 0 | 1 | 1 |
| **Richard O’Hagan** | 1 | 0 | 0 | 0 |

## Career Batting

| Player | Mat | Inns | No | Runs | Ave |
|:---|:---|:---|:---|:---|:---|
| **Richard Earney** | 246 | 239 | 19 | 6577 | 29.90 |
| **Richard Beswick** | 352 | 323 | 55 | 5706 | 21.29 |
| **Jim Grant** | 296 | 260 | 29 | 4074 | 17.64 |
| **William Calvert** | 228 | 208 | 27 | 2958 | 16.34 |
| **Ian Marshall** | 177 | 137 | 25 | 2400 | 21.43 |
| **Andrew Gallagher** | 101 | 96 | 5 | 2270 | 24.95 |
| **Steven Hornsby** | 62 | 59 | 7 | 2109 | 40.56 |
| **Simon Barrowcliff** | 79 | 76 | 6 | 1742 | 24.89 |
| **Edward Garland** | 159 | 115 | 32 | 1270 | 15.30 |
| **Martin Goff** | 37 | 37 | 3 | 1124 | 33.06 |
| **Andrew Slight** | 89 | 75 | 6 | 818 | 11.86 |
| **Jerry Wright** | 277 | 137 | 51 | 763 | 8.87 |
| **David Swann** | 21 | 20 | 5 | 755 | 50.33 |
| **Pete Grant** | 105 | 94 | 13 | 698 | 8.62 |
| **Phil Bentley** | 19 | 18 | 2 | 683 | 42.69 |
| **Richard Kitson** | 34 | 34 | 4 | 649 | 21.63 |
| **Mohit Gupta** | 17 | 17 | 3 | 618 | 44.14 |
| **Will Wright** | 24 | 23 | 2 | 579 | 27.57 |
| **Mark Gardiner** | 98 | 81 | 15 | 566 | 8.58 |
| **Martin Breddy** | 15 | 15 | 0 | 565 | 37.67 |
| **James Hylton** | 9 | 8 | 2 | 542 | 90.33 |
| **Harry Ingham** | 35 | 31 | 7 | 538 | 22.42 |
| **Andrew MacFarlane** | 34 | 30 | 0 | 530 | 17.67 |
| **Mark Taylor** | 15 | 15 | 2 | 495 | 38.08 |
| **David Young** | 91 | 67 | 18 | 493 | 10.06 |
| **Patrick Wigg** | 41 | 35 | 10 | 464 | 18.56 |
| **Tony Purves** | 18 | 16 | 5 | 459 | 41.73 |
| **Mark Petre** | 27 | 27 | 3 | 437 | 18.21 |
| **Tom Rutherford** | 32 | 29 | 4 | 430 | 17.20 |
| **Alan Sylvester** | 57 | 35 | 16 | 380 | 20.00 |
| **Stuart Watson** | 14 | 14 | 4 | 370 | 37.00 |
| **Mark Kirwan** | 41 | 28 | 5 | 356 | 15.48 |
| **Richard Green** | 32 | 23 | 4 | 352 | 18.53 |
| **William Chapman** | 25 | 24 | 3 | 341 | 16.24 |
| **Andrew Fielding** | 39 | 35 | 2 | 340 | 10.30 |
| **Richard Coyle** | 56 | 50 | 13 | 294 | 7.95 |
| **Richard Olver** | 45 | 30 | 14 | 287 | 17.94 |
| **John Packenham-Walsh** | 11 | 9 | 2 | 261 | 37.29 |
| **John Stimpfig** | 28 | 21 | 3 | 250 | 13.89 |
| **James Booth** | 9 | 9 | 1 | 235 | 29.38 |
| **Tim Horsey** | 44 | 40 | 9 | 228 | 7.35 |

## Career Batting (by Ave)

| Player | Mat | Inns | No | Runs | Ave |
|:---|:---|:---|:---|:---|:---|
| **James Hylton** | 9 | 8 | 2 | 542 | 90.33 |
| **David Swann** | 21 | 20 | 5 | 755 | 50.33 |
| **Mohit Gupta** | 17 | 17 | 3 | 618 | 44.14 |
| **Phil Bentley** | 19 | 18 | 2 | 683 | 42.69 |
| **Tony Purves** | 18 | 16 | 5 | 459 | 41.73 |
| **Steven Hornsby** | 62 | 59 | 7 | 2109 | 40.56 |
| **Mark Taylor** | 15 | 15 | 2 | 495 | 38.08 |
| **Martin Breddy** | 15 | 15 | 0 | 565 | 37.67 |
| **John Packenham-Walsh** | 11 | 9 | 2 | 261 | 37.29 |
| **Stuart Watson** | 14 | 14 | 4 | 370 | 37.00 |
| **Martin Goff** | 37 | 37 | 3 | 1124 | 33.06 |
| **Richard Earney** | 246 | 239 | 19 | 6577 | 29.90 |
| **James Booth** | 9 | 9 | 1 | 235 | 29.38 |
| **Will Wright** | 24 | 23 | 2 | 579 | 27.57 |
| **Andrew Gallagher** | 101 | 96 | 5 | 2270 | 24.95 |
| **Simon Barrowcliff** | 79 | 76 | 6 | 1742 | 24.89 |
| **Harry Ingham** | 35 | 31 | 7 | 538 | 22.42 |
| **Richard Kitson** | 34 | 34 | 4 | 649 | 21.63 |
| **Ian Marshall** | 177 | 137 | 25 | 2400 | 21.43 |
| **Richard Beswick** | 352 | 323 | 55 | 5706 | 21.29 |
| **Alan Sylvester** | 57 | 35 | 16 | 380 | 20.00 |
| **Patrick Wigg** | 41 | 35 | 10 | 464 | 18.56 |
| **Richard Green** | 32 | 23 | 4 | 352 | 18.53 |
| **Mark Petre** | 27 | 27 | 3 | 437 | 18.21 |
| **Richard Olver** | 45 | 30 | 14 | 287 | 17.94 |
| **Andrew MacFarlane** | 34 | 30 | 0 | 530 | 17.67 |
| **Jim Grant** | 296 | 260 | 29 | 4074 | 17.64 |
| **Tom Rutherford** | 32 | 29 | 4 | 430 | 17.20 |
| **William Calvert** | 228 | 208 | 27 | 2958 | 16.34 |
| **William Chapman** | 25 | 24 | 3 | 341 | 16.24 |
| **Mark Kirwan** | 41 | 28 | 5 | 356 | 15.48 |
| **Edward Garland** | 159 | 115 | 32 | 1270 | 15.30 |
| **John Stimpfig** | 28 | 21 | 3 | 250 | 13.89 |
| **Andrew Slight** | 89 | 75 | 6 | 818 | 11.86 |
| **Andrew Fielding** | 39 | 35 | 2 | 340 | 10.30 |
| **David Young** | 91 | 67 | 18 | 493 | 10.06 |
| **Jerry Wright** | 277 | 137 | 51 | 763 | 8.87 |
| **Pete Grant** | 105 | 94 | 13 | 698 | 8.62 |
| **Mark Gardiner** | 98 | 81 | 15 | 566 | 8.58 |
| **Richard Coyle** | 56 | 50 | 13 | 294 | 7.95 |
| **Tim Horsey** | 44 | 40 | 9 | 228 | 7.35 |

## Season Bowling

| Player | O | M | Runs | Wkts | Ave | SR |
|:--|:--|:--|:--|:--|:--|
| **Mohit Gupta** | 84.3 | 8 | 330 | 26 | 12.69 | 19.45 |
| **Richard Earney** | 46.5 | 3 | 210 | 16 | 13.13 | 17.44 |
| **Edward Garland** | 36.8 | 5 | 160 | 13 | 12.31 | 16.98 |
| **Richard Beswick** | 22 | 1 | 133 | 9 | 14.78 | 14.67 |
| **Patrick Wigg** | 83 | 10 | 338 | 8 | 42.25 | 62.25 |
| **Jerry Wright** | 69.5 | 5 | 325 | 7 | 46.43 | 59.57 |
| **Harry Ingham** | 27 | 5 | 100 | 7 | 14.29 | 23.14 |
| **Ian Marshall** | 23 | 5 | 103 | 5 | 20.6 | 27.6 |
| **Kit Gallagher** | 8 | 1 | 34 | 4 | 8.5 | 12 |
| **Alf Beswick** | 8 | 1 | 26 | 4 | 6.5 | 12 |
| **Gareth Powell** | 18 | 4 | 74 | 4 | 18.5 | 27 |
| **Iqbal Miah** | 17 | 0 | 107 | 2 | 53.5 | 51 |
| **Richard O’Hagan** | 3 | 0 | 21 | 1 | 21 | 18 |
| **Toby Carden** | 19 | 0 | 133 | 1 | 133 | 114 |
| **Ralf Wilkinson** | 3 | 0 | 26 | 1 | 26 | 18 |
| **William Calvert** | 3 | 1 | 9 | 0 | - | - |
| **Andrew Slight** | 2 | 0 | 20 | 0 | - | - |
| **Thomas Barrowcliff** | 3 | 0 | 30 | 0 | - | - |
| **Paul O’Mahony** | 18 | 1 | 108 | 0 | - | - |

## Season Bowling (by ave)

| Player | O | M | Runs | Wkts | Ave | SR |
|:--|:--|:--|:--|:--|:--|
| **Alf Beswick** | 8 | 1 | 26 | 4 | 6.5 | 12 |
| **Kit Gallagher** | 8 | 1 | 34 | 4 | 8.5 | 12 |
| **Edward Garland** | 36.8 | 5 | 160 | 13 | 12.31 | 16.98 |
| **Mohit Gupta** | 84.3 | 8 | 330 | 26 | 12.69 | 19.45 |
| **Richard Earney** | 46.5 | 3 | 210 | 16 | 13.13 | 17.44 |
| **Harry Ingham** | 27 | 5 | 100 | 7 | 14.29 | 23.14 |
| **Richard Beswick** | 22 | 1 | 133 | 9 | 14.78 | 14.67 |
| **Gareth Powell** | 18 | 4 | 74 | 4 | 18.5 | 27 |
| **Ian Marshall** | 23 | 5 | 103 | 5 | 20.6 | 27.6 |
| **Richard O’Hagan** | 3 | 0 | 21 | 1 | 21 | 18 |
| **Ralf Wilkinson** | 3 | 0 | 26 | 1 | 26 | 18 |
| **Patrick Wigg** | 83 | 10 | 338 | 8 | 42.25 | 62.25 |
| **Jerry Wright** | 69.5 | 5 | 325 | 7 | 46.43 | 59.57 |
| **Iqbal Miah** | 17 | 0 | 107 | 2 | 53.5 | 51 |
| **Toby Carden** | 19 | 0 | 133 | 1 | 133 | 114 |

## Career Bowling

| Player | Mat | O | M | R | W | Ave | SR |
|:---|:---|:---|:---|:---|:---|:---|
| **Jerry Wright** | 277 | 2050.5 | 312 | 7453 | 396 | 18.82 | 31.07 |
| **Richard Beswick** | 352 | 1637.2 | 306 | 5741 | 302 | 19.01 | 32.53 |
| **Ian Marshall** | 177 | 1538.5 | 379 | 4575 | 255 | 17.94 | 36.21 |
| **Edward Garland** | 159 | 632.5 | 57 | 2949 | 172 | 17.15 | 22.08 |
| **Richard Earney** | 246 | 837.4 | 84 | 3959 | 172 | 23.02 | 29.22 |
| **William Calvert** | 228 | 647.3 | 86 | 2941 | 145 | 20.28 | 26.79 |
| **Alan Sylvester** | 57 | 373.1 | 66 | 1402 | 74 | 18.95 | 30.26 |
| **Andrew MacFarlane** | 34 | 329 | 70 | 1041 | 68 | 15.31 | 29.03 |
| **Mark Kirwan** | 41 | 334.3 | 60 | 1111 | 68 | 16.34 | 29.51 |
| **Richard Green** | 32 | 255.4 | 27 | 981 | 61 | 16.08 | 25.15 |
| **Paul O'Mahony** | 48 | 352.2 | 48 | 1358 | 55 | 24.69 | 38.44 |
| **Harry Ingham** | 35 | 329.3 | 62 | 1041 | 51 | 20.41 | 38.76 |
| **Patrick Wigg** | 41 | 287.4 | 40 | 1087 | 50 | 21.74 | 34.52 |
| **Richard Olver** | 45 | 298 | 69 | 931 | 49 | 19.00 | 36.49 |
| **Graeme Wright** | 49 | 332 | 56 | 1101 | 47 | 23.43 | 42.38 |
| **Gareth Powell** | 41 | 301.3 | 47 | 1121 | 42 | 26.69 | 43.07 |
| **Steven Hornsby** | 62 | 175.4 | 14 | 867 | 40 | 21.68 | 26.35 |
| **Andrew Gallagher** | 101 | 138.3 | 11 | 748 | 38 | 19.68 | 21.87 |
| **Tony Purves** | 18 | 112.2 | 14 | 488 | 36 | 13.56 | 18.72 |
| **Tom Rutherford** | 32 | 174.1 | 22 | 642 | 34 | 18.88 | 30.74 |
| **Mark Gardiner** | 98 | 139.5 | 11 | 603 | 33 | 18.27 | 25.42 |
| **Steve Masterson** | 22 | 204.1 | 37 | 682 | 32 | 21.31 | 38.28 |
| **Mohit Gupta** | 17 | 114.3 | 13 | 452 | 31 | 14.58 | 22.16 |
| **Phil Bentley** | 19 | 166.3 | 30 | 518 | 31 | 16.71 | 32.23 |
| **Mark Taylor** | 15 | 102 | 25 | 319 | 22 | 14.50 | 27.82 |

## Career Bowling (by ave)

| Player | Mat | O | M | R | W | Ave | SR |
|:---|:---|:---|:---|:---|:---|:---|
| **Tony Purves** | 18 | 112.2 | 14 | 488 | 36 | 13.56 | 18.72 |
| **Mark Taylor** | 15 | 102 | 25 | 319 | 22 | 14.50 | 27.82 |
| **Mohit Gupta** | 17 | 114.3 | 13 | 452 | 31 | 14.58 | 22.16 |
| **Andrew MacFarlane** | 34 | 329 | 70 | 1041 | 68 | 15.31 | 29.03 |
| **Richard Green** | 32 | 255.4 | 27 | 981 | 61 | 16.08 | 25.15 |
| **Mark Kirwan** | 41 | 334.3 | 60 | 1111 | 68 | 16.34 | 29.51 |
| **Phil Bentley** | 19 | 166.3 | 30 | 518 | 31 | 16.71 | 32.23 |
| **Edward Garland** | 159 | 632.5 | 57 | 2949 | 172 | 17.15 | 22.08 |
| **Ian Marshall** | 177 | 1538.5 | 379 | 4575 | 255 | 17.94 | 36.21 |
| **Mark Gardiner** | 98 | 139.5 | 11 | 603 | 33 | 18.27 | 25.42 |
| **Jerry Wright** | 277 | 2050.5 | 312 | 7453 | 396 | 18.82 | 31.07 |
| **Tom Rutherford** | 32 | 174.1 | 22 | 642 | 34 | 18.88 | 30.74 |
| **Alan Sylvester** | 57 | 373.1 | 66 | 1402 | 74 | 18.95 | 30.26 |
| **Richard Olver** | 45 | 298 | 69 | 931 | 49 | 19.00 | 36.49 |
| **Richard Beswick** | 352 | 1637.2 | 306 | 5741 | 302 | 19.01 | 32.53 |
| **Andrew Gallagher** | 101 | 138.3 | 11 | 748 | 38 | 19.68 | 21.87 |
| **William Calvert** | 228 | 647.3 | 86 | 2941 | 145 | 20.28 | 26.79 |
| **Harry Ingham** | 35 | 329.3 | 62 | 1041 | 51 | 20.41 | 38.76 |
| **Steve Masterson** | 22 | 204.1 | 37 | 682 | 32 | 21.31 | 38.28 |
| **Steven Hornsby** | 62 | 175.4 | 14 | 867 | 40 | 21.68 | 26.35 |
| **Patrick Wigg** | 41 | 287.4 | 40 | 1087 | 50 | 21.74 | 34.52 |
| **Richard Earney** | 246 | 837.4 | 84 | 3959 | 172 | 23.02 | 29.22 |
| **Graeme Wright** | 49 | 332 | 56 | 1101 | 47 | 23.43 | 42.38 |
| **Paul O'Mahony** | 48 | 352.2 | 48 | 1358 | 55 | 24.69 | 38.44 |
| **Gareth Powell** | 41 | 301.3 | 47 | 1121 | 42 | 26.69 | 43.07 |
