---
layout: default
title: 2011 Statistics
nav_order: 31
parent: Statistics
---

# {{page.title}}

(Career Qualification 200 runs; 20 wkts)

<details open markdown="block">
  {: .text-delta }
1. TOC
{:toc}
</details>

## Season Batting

| Player | Inns | No | Runs | Ave |
|:--|:--|:--|:--|:--|
| **Richard Earney** | 10 | 1 | 240 | 26.67 |
| **Richard Beswick** | 9 | 2 | 215 | 30.71 |
| **William Calvert** | 10 | 1 | 179 | 19.89 |
| **Tom Rutherford** | 6 | 0 | 152 | 25.33 |
| **Ray Damaze** | 3 | 0 | 138 | 46 |
| **Anu Narula** | 2 | 0 | 120 | 60 |
| **Steven Hornsby** | 4 | 1 | 88 | 29.33 |
| **Tim Hammond** | 5 | 1 | 71 | 17.75 |
| **Devunka Pathak** | 4 | 1 | 67 | 22.33 |
| **Simon Barrowcliff** | 1 | 0 | 62 | 62 |
| **Andrew Slight** | 7 | 2 | 56 | 11.2 |
| **Jim Grant** | 8 | 1 | 55 | 7.86 |
| **Mohit Gupta** | 4 | 0 | 53 | 13.25 |
| **Patrick Wigg** | 8 | 1 | 52 | 7.43 |
| **Alf Beswick** | 2 | 1 | 50 | 50 |
| **Chirag** | 1 | 0 | 35 | 35 |
| **Jerry Wright** | 7 | 5 | 33 | 16.5 |
| **Edward Garland** | 5 | 1 | 33 | 8.25 |
| **Harry Ingham** | 3 | 1 | 26 | 13 |
| **D.Everitt** | 1 | 0 | 23 | 23 |
| **Ted Ingham** | 2 | 1 | 20 | 20 |
| **Toby Carden** | 2 | 0 | 15 | 7.5 |
| **Fred Preston** | 1 | 1 | 15 | - |
| **Nick Harrison** | 1 | 0 | 13 | 13 |
| **Gordon Daley** | 3 | 0 | 11 | 3.67 |
| **Richard Coyle** | 1 | 0 | 10 | 10 |
| **Ian Marshall** | 1 | 0 | 7 | 7 |
| **Richard Green** | 1 | 1 | 5 | - |
| **Sameer Bali** | 1 | 0 | 5 | 5 |
| **Paul O’Mahony** | 3 | 0 | 4 | 1.33 |
| **Alex Ridgers** | 1 | 0 | 4 | 4 |
| **Vamsee Kuchi** | 1 | 0 | 4 | 4 |
| **Eric Henson** | 1 | 0 | 3 | 3 |
| **Granville Weekes** | 1 | 0 | 3 | 3 |
| **Louis Barrowcliff** | 1 | 0 | 1 | 1 |
| **David Wigg** | 1 | 1 | 0 | - |
| **Gareth Powell** | 1 | 0 | 0 | 0 |
| **James Purefoy** | 1 | 0 | 0 | 0 |
| **Richard Kitson** | 1 | 1 | 0 | - |
| **Akash** | 0 | 0 | 0 | - |

## Season Batting (by ave)

| Player | Inns | No | Runs | Ave |
|:--|:--|:--|:--|:--|
| **Simon Barrowcliff** | 1 | 0 | 62 | 62 |
| **Anu Narula** | 2 | 0 | 120 | 60 |
| **Alf Beswick** | 2 | 1 | 50 | 50 |
| **Ray Damaze** | 3 | 0 | 138 | 46 |
| **Chirag** | 1 | 0 | 35 | 35 |
| **Richard Beswick** | 9 | 2 | 215 | 30.71 |
| **Steven Hornsby** | 4 | 1 | 88 | 29.33 |
| **Richard Earney** | 10 | 1 | 240 | 26.67 |
| **Tom Rutherford** | 6 | 0 | 152 | 25.33 |
| **D.Everitt** | 1 | 0 | 23 | 23 |
| **Devunka Pathak** | 4 | 1 | 67 | 22.33 |
| **Ted Ingham** | 2 | 1 | 20 | 20 |
| **William Calvert** | 10 | 1 | 179 | 19.89 |
| **Tim Hammond** | 5 | 1 | 71 | 17.75 |
| **Jerry Wright** | 7 | 5 | 33 | 16.5 |
| **Mohit Gupta** | 4 | 0 | 53 | 13.25 |
| **Harry Ingham** | 3 | 1 | 26 | 13 |
| **Nick Harrison** | 1 | 0 | 13 | 13 |
| **Andrew Slight** | 7 | 2 | 56 | 11.2 |
| **Richard Coyle** | 1 | 0 | 10 | 10 |
| **Edward Garland** | 5 | 1 | 33 | 8.25 |
| **Jim Grant** | 8 | 1 | 55 | 7.86 |
| **Toby Carden** | 2 | 0 | 15 | 7.5 |
| **Patrick Wigg** | 8 | 1 | 52 | 7.43 |
| **Ian Marshall** | 1 | 0 | 7 | 7 |
| **Sameer Bali** | 1 | 0 | 5 | 5 |
| **Alex Ridgers** | 1 | 0 | 4 | 4 |
| **Vamsee Kuchi** | 1 | 0 | 4 | 4 |
| **Gordon Daley** | 3 | 0 | 11 | 3.67 |
| **Eric Henson** | 1 | 0 | 3 | 3 |
| **Granville Weekes** | 1 | 0 | 3 | 3 |
| **Paul O’Mahony** | 3 | 0 | 4 | 1.33 |
| **Louis Barrowcliff** | 1 | 0 | 1 | 1 |
| **Gareth Powell** | 1 | 0 | 0 | 0 |
| **James Purefoy** | 1 | 0 | 0 | 0 |
| **David Wigg** | 1 | 1 | 0 | - |
| **Alf Beswick** | 1 | 1 | 50 | - |
| **Richard Green** | 1 | 1 | 5 | - |
| **Fred Preston** | 1 | 1 | 15 | - |
| **Richard Kitson** | 1 | 1 | 0 | - |
| **Akash** | 0 | 0 | 0 | - |

## Season Bowling

| Player | O | M | Runs | Wkts | Ave | SR |
|:--|:--|:--|:--|:--|:--|
| **Jerry Wright** | 88.1 | 7 | 381 | 23 | 16.57 | 22.98 |
| **Patrick Wigg** | 86 | 19 | 301 | 16 | 18.81 | 32.25 |
| **Richard Beswick** | 37 | 8 | 109 | 14 | 7.79 | 15.86 |
| **Edward Garland** | 37 | 1 | 191 | 14 | 13.64 | 15.86 |
| **Mohit Gupta** | 56 | 6 | 195 | 11 | 17.73 | 30.55 |
| **Harry Ingham** | 45.2 | 12 | 128 | 7 | 18.29 | 38.74 |
| **Toby Carden** | 26 | 2 | 143 | 7 | 20.43 | 22.29 |
| **Andrew Slight** | 13.2 | 1 | 68 | 5 | 13.6 | 15.84 |
| **Richard Earney** | 19 | 4 | 94 | 2 | 47 | 57 |
| **Tom Rutherford** | 20 | 2 | 89 | 2 | 44.5 | 60 |
| **Paul O’Mahony** | 14 | 1 | 87 | 2 | 43.5 | 42 |
| **Gareth Powell** | 15 | 3 | 48 | 2 | 24 | 45 |
| **Granville Weekes** | 16 | 7 | 43 | 2 | 21.5 | 48 |
| **Sameer Bali** | 5 | 0 | 22 | 2 | 11 | 15 |
| **Vamsee Kuchi** | 4 | 0 | 43 | 2 | 21.5 | 12 |
| **Chirag** | 4 | 0 | 27 | 2 | 13.5 | 12 |
| **Ian Marshall** | 13 | 1 | 53 | 1 | 53 | 78 |
| **Richard Green** | 9 | 0 | 55 | 1 | 55 | 54 |
| **Fred Preston** | 11 | 3 | 28 | 1 | 28 | 66 |
| **David Wigg** | 2 | 0 | 7 | 0 | ? | ? |
| **Ted Ingham** | 3 | 0 | 22 | 0 | ? | ? |
| **Eric Henson** | 8 | 0 | 34 | 0 | ? | ? |
| **D.Everitt** | 4 | 1 | 22 | 0 | ? | ? |

## Season Bowling (by ave)

| Player | O | M | Runs | Wkts | Ave | SR |
|:--|:--|:--|:--|:--|:--|
| **Richard Beswick** | 37 | 8 | 109 | 14 | 7.79 | 15.86 |
| **Sameer Bali** | 5 | 0 | 22 | 2 | 11 | 15 |
| **Chirag** | 4 | 0 | 27 | 2 | 13.5 | 12 |
| **Andrew Slight** | 13.2 | 1 | 68 | 5 | 13.6 | 15.84 |
| **Edward Garland** | 37 | 1 | 191 | 14 | 13.64 | 15.86 |
| **Jerry Wright** | 88.1 | 7 | 381 | 23 | 16.57 | 22.98 |
| **Mohit Gupta** | 56 | 6 | 195 | 11 | 17.73 | 30.55 |
| **Harry Ingham** | 45.2 | 12 | 128 | 7 | 18.29 | 38.74 |
| **Patrick Wigg** | 86 | 19 | 301 | 16 | 18.81 | 32.25 |
| **Toby Carden** | 26 | 2 | 143 | 7 | 20.43 | 22.29 |
| **Granville Weekes** | 16 | 7 | 43 | 2 | 21.5 | 48 |
| **Vamsee Kuchi** | 4 | 0 | 43 | 2 | 21.5 | 12 |
| **Gareth Powell** | 15 | 3 | 48 | 2 | 24 | 45 |
| **Fred Preston** | 11 | 3 | 28 | 1 | 28 | 66 |
| **Paul O’Mahony** | 14 | 1 | 87 | 2 | 43.5 | 42 |
| **Tom Rutherford** | 20 | 2 | 89 | 2 | 44.5 | 60 |
| **Richard Earney** | 19 | 4 | 94 | 2 | 47 | 57 |
| **Ian Marshall** | 13 | 1 | 53 | 1 | 53 | 78 |
| **Richard Green** | 9 | 0 | 55 | 1 | 55 | 54 |
| **David Wigg** | 2 | 0 | 7 | 0 | ? | ? |
| **Ted Ingham** | 3 | 0 | 22 | 0 | ? | ? |
| **Eric Henson** | 8 | 0 | 34 | 0 | ? | ? |
| **D.Everitt** | 4 | 1 | 22 | 0 | ? | ? |

