---
layout: default
title: 2012 Statistics
nav_order: 30
parent: Statistics
---

{{page.title}}

## Season Batting

| Player | Inns | No | Runs | Ave |
|:--|:--|:--|:--|:--|
| **Richard Earney** | 9 | 3 | 267 | 44.5 |
| **Tom Rutherford** | 4 | 0 | 138 | 34.5 |
| **Mohit Gupta** | 5 | 0 | 117 | 23.4 |
| **Patrick Wigg** | 6 | 1 | 90 | 18 |
| **Richard Beswick** | 8 | 0 | 67 | 8.38 |
| **Devunka Pathak** | 3 | 0 | 62 | 20.67 |
| **Alf Beswick** | 3 | 1 | 59 | 29.5 |
| **Ray Damaze** | 4 | 0 | 57 | 14.25 |
| **William Calvert** | 7 | 0 | 55 | 7.86 |
| **Martin Goff** | 1 | 0 | 44 | 44 |
| **Andrew Gallagher** | 3 | 1 | 44 | 22 |
| **Sudip Chatterjee** | 1 | 0 | 41 | 41 |
| **Harry Ingham** | 2 | 0 | 28 | 14 |
| **Altaf Ajmal** | 1 | 0 | 23 | 23 |
| **Jim Grant** | 6 | 1 | 21 | 4.2 |
| **Kit Gallagher** | 4 | 0 | 16 | 4 |
| **Ian Marshall** | 1 | 0 | 14 | 14 |
| **Edward Ingham** | 1 | 0 | 13 | 13 |
| **Steve Masterson** | 1 | 0 | 12 | 12 |
| **Toby Carden** | 1 | 0 | 8 | 8 |
| **Granville Weekes** | 1 | 0 | 5 | 5 |
| **Chris Martin** | 1 | 1 | 4 | - |
| **David Brookfield** | 2 | 1 | 3 | 3 |
| **Steven Hornsby** | 1 | 0 | 3 | 3 |
| **Edward Garland** | 2 | 0 | 2 | 1 |
| **Corin Gallagher** | 2 | 0 | 2 | 1 |
| **David O'Connor** | 1 | 1 | 1 | - |
| **Alex Ridgers** | 1 | 0 | 1 | 1 |
| **Joe Moorman** | 1 | 1 | 0 | - |
| **Richard O Hagan** | 0 | 0 | 0 | - |
| **Andrew Slight** | 1 | 0 | 0 | 0 |
| **Jerry Wright** | 2 | 0 | 0 | 0 |
| **Harry Earney** | 1 | 0 | 0 | 0 |

## Season Batting (by ave)

| Player | Inns | No | Runs | Ave |
|:--|:--|:--|:--|:--|
| **Richard Earney** | 9 | 3 | 267 | 44.5 |
| **Martin Goff** | 1 | 0 | 44 | 44 |
| **Sudip Chatterjee** | 1 | 0 | 41 | 41 |
| **Tom Rutherford** | 4 | 0 | 138 | 34.5 |
| **Alf Beswick** | 3 | 1 | 59 | 29.5 |
| **Mohit Gupta** | 5 | 0 | 117 | 23.4 |
| **Altaf Ajmal** | 1 | 0 | 23 | 23 |
| **Andrew Gallagher** | 3 | 1 | 44 | 22 |
| **Devunka Pathak** | 3 | 0 | 62 | 20.67 |
| **Patrick Wigg** | 6 | 1 | 90 | 18 |
| **Ray Damaze** | 4 | 0 | 57 | 14.25 |
| **Ian Marshall** | 1 | 0 | 14 | 14 |
| **Harry Ingham** | 2 | 0 | 28 | 14 |
| **Edward Ingham** | 1 | 0 | 13 | 13 |
| **Steve Masterson** | 1 | 0 | 12 | 12 |
| **Richard Beswick** | 8 | 0 | 67 | 8.38 |
| **Toby Carden** | 1 | 0 | 8 | 8 |
| **William Calvert** | 7 | 0 | 55 | 7.86 |
| **Granville Weekes** | 1 | 0 | 5 | 5 |
| **Jim Grant** | 6 | 1 | 21 | 4.2 |
| **Kit Gallagher** | 4 | 0 | 16 | 4 |
| **David Brookfield** | 2 | 1 | 3 | 3 |
| **Steven Hornsby** | 1 | 0 | 3 | 3 |
| **Edward Garland** | 2 | 0 | 2 | 1 |
| **Corin Gallagher** | 2 | 0 | 2 | 1 |
| **Alex Ridgers** | 1 | 0 | 1 | 1 |
| **Andrew Slight** | 1 | 0 | 0 | 0 |
| **Jerry Wright** | 2 | 0 | 0 | 0 |
| **Harry Earney** | 1 | 0 | 0 | 0 |
| **Joe Moorman** | 1 | 1 | 0 | - |
| **Richard O'Hagan** | 0 | 0 | 0 | - |
| **Chris Martin** | 1 | 1 | 4 | - |
| **David O'Connor** | 1 | 1 | 1 | - |

## Season Bowling

| Player | O | M | Runs | Wkts | Ave | SR |
|:--|:--|:--|:--|:--|:--|
| **Richard Beswick** | 43.2 | 9 | 120 | 17 | 7.06 | 15.25 |
| **Jerry Wright** | 56.1 | 7 | 160 | 14 | 11.43 | 24.04 |
| **Patrick Wigg** | 65.6 | 15 | 154 | 14 | 11 | 28.11 |
| **Edward Garland** | 26 | 2 | 141 | 9 | 15.67 | 17.33 |
| **Kit Gallagher** | 27 | 2 | 107 | 7 | 15.29 | 23.14 |
| **Mohit Gupta** | 28 | 3 | 91 | 5 | 18.2 | 33.6 |
| **Richard Earney** | 19 | 1 | 46 | 4 | 11.5 | 28.5 |
| **Harry Ingham** | 18.4 | 3 | 54 | 3 | 18 | 36.8 |
| **Steve Masterson** | 8 | 0 | 36 | 3 | 12 | 16 |
| **Andrew Slight** | 3 | 0 | 16 | 2 | 8 | 9 |
| **Devunka Pathak** | 12 | 1 | 40 | 2 | 20 | 36 |
| **Alf Beswick** | 3 | 0 | 17 | 2 | 8.5 | 9 |
| **Chris Martin** | 6 | 0 | 35 | 1 | 35 | 36 |
| **Jim Grant** | 1 | 0 | 5 | 0 | ? | ? |
| **Granville Weekes** | 4 | 0 | 11 | 0 | ? | ? |
| **Toby Carden** | 5 | 0 | 29 | 0 | ? | ? |
| **David Brookfield** | 7 | 0 | 35 | 0 | ? | ? |
| **Ian Marshall** | 19 | 2 | 61 | 0 | ? | ? |
| **Corin Gallagher** | 4 | 0 | 28 | 0 | ? | ? |
| **Ray Damaze** | .5 | 0 | 7 | 0 | ? | ? |
| **Edward Ingham** | 3 | 0 | 37 | 0 | ? | ? |

## Season Bowling (by ave)

| Player | O | M | Runs | Wkts | Ave | SR |
|:--|:--|:--|:--|:--|:--|
| **Richard Beswick** | 43.2 | 9 | 120 | 17 | 7.06 | 15.25 |
| **Andrew Slight** | 3 | 0 | 16 | 2 | 8 | 9 |
| **Alf Beswick** | 3 | 0 | 17 | 2 | 8.5 | 9 |
| **Patrick Wigg** | 65.6 | 15 | 154 | 14 | 11 | 28.11 |
| **Jerry Wright** | 56.1 | 7 | 160 | 14 | 11.43 | 24.04 |
| **Richard Earney** | 19 | 1 | 46 | 4 | 11.5 | 28.5 |
| **Steve Masterson** | 8 | 0 | 36 | 3 | 12 | 16 |
| **Kit Gallagher** | 27 | 2 | 107 | 7 | 15.29 | 23.14 |
| **Edward Garland** | 26 | 2 | 141 | 9 | 15.67 | 17.33 |
| **Harry Ingham** | 18.4 | 3 | 54 | 3 | 18 | 36.8 |
| **Mohit Gupta** | 28 | 3 | 91 | 5 | 18.2 | 33.6 |
| **Devunka Pathak** | 12 | 1 | 40 | 2 | 20 | 36 |
| **Chris Martin** | 6 | 0 | 35 | 1 | 35 | 36 |

## Career Batting

| Player | M | Inns | NOs | Runs | Ave |
|:---|:---|:---|:---|:---|:---|
| **Richard Earney** | 278 | 270 | 24 | 7369 | 29.96 |
| **Richard Beswick** | 388 | 348 | 56 | 6089 | 20.85 |
| **Jim Grant** | 329 | 285 | 33 | 4244 | 16.84 |
| **William Calvert** | 260 | 237 | 31 | 3446 | 16.73 |
| **Ian Marshall** | 182 | 138 | 24 | 2421 | 21.24 |
| **Andrew Gallagher** | 105 | 100 | 6 | 2276 | 24.21 |
| **Steven Hornsby** | 72 | 68 | 8 | 2266 | 37.77 |
| **Simon Barrowcliff** | 82 | 79 | 6 | 1809 | 24.78 |
| **Edward Garland** | 178 | 125 | 33 | 1336 | 14.52 |
| **Martin Goff** | 40 | 40 | 3 | 1149 | 31.05 |
| **Mohit Gupta** | 40 | 37 | 7 | 1091 | 36.37 |
| **Andrew Slight** | 106 | 88 | 8 | 889 | 11.11 |
| **Tom Rutherford** | 53 | 48 | 5 | 814 | 18.93 |
| **Jerry Wright** | 313 | 151 | 57 | 798 | 8.49 |
| **David Swann** | 21 | 20 | 5 | 754 | 50.27 |
| **Pete Grant** | 105 | 94 | 13 | 698 | 8.62 |
| **Phil Bentley** | 19 | 18 | 2 | 683 | 42.69 |
| **Patrick Wigg** | 73 | 57 | 17 | 675 | 16.88 |
| **Richard Kitson** | 35 | 35 | 5 | 649 | 21.63 |
| **Harry Ingham** | 46 | 40 | 9 | 625 | 20.16 |
| **Mark Gardiner** | 100 | 83 | 16 | 618 | 9.22 |
| **Martin Breddy** | 15 | 15 | 0 | 565 | 37.67 |
| **James Hylton** | 9 | 8 | 2 | 542 | 90.33 |
| **Will Wright** | 23 | 22 | 1 | 540 | 25.71 |
| **Andrew MacFarlane** | 34 | 30 | 0 | 530 | 17.67 |
| **Mark Taylor** | 15 | 15 | 2 | 495 | 38.08 |
| **David Young** | 86 | 65 | 17 | 479 | 9.98 |
| **Tony Purves** | 18 | 16 | 5 | 459 | 41.73 |
| **Mark Petre** | 27 | 27 | 3 | 437 | 18.21 |
| **Alan Sylvester** | 58 | 35 | 16 | 380 | 20.00 |
| **Stuart Watson** | 14 | 14 | 4 | 370 | 37.00 |
| **Richard Green** | 34 | 25 | 5 | 359 | 17.95 |
| **Mark Kirwan** | 42 | 28 | 5 | 356 | 15.48 |
| **Tim Hammond** | 10 | 10 | 2 | 343 | 42.88 |
| **William Chapman** | 25 | 24 | 3 | 341 | 16.24 |
| **Andrew Fielding** | 39 | 35 | 2 | 340 | 10.30 |
| **Richard Coyle** | 64 | 56 | 14 | 310 | 7.38 |

## Career Batting (by ave)

| Player | M | Inns | NOs | Runs | Ave |
|:---|:---|:---|:---|:---|:---|
| **James Hylton** | 9 | 8 | 2 | 542 | 90.33 |
| **David Swann** | 21 | 20 | 5 | 754 | 50.27 |
| **Tim Hammond** | 10 | 10 | 2 | 343 | 42.88 |
| **Phil Bentley** | 19 | 18 | 2 | 683 | 42.69 |
| **Tony Purves** | 18 | 16 | 5 | 459 | 41.73 |
| **Mark Taylor** | 15 | 15 | 2 | 495 | 38.08 |
| **Steven Hornsby** | 72 | 68 | 8 | 2266 | 37.77 |
| **Martin Breddy** | 15 | 15 | 0 | 565 | 37.67 |
| **Stuart Watson** | 14 | 14 | 4 | 370 | 37.00 |
| **Mohit Gupta** | 40 | 37 | 7 | 1091 | 36.37 |
| **Martin Goff** | 40 | 40 | 3 | 1149 | 31.05 |
| **Richard Earney** | 278 | 270 | 24 | 7369 | 29.96 |
| **Will Wright** | 23 | 22 | 1 | 540 | 25.71 |
| **Simon Barrowcliff** | 82 | 79 | 6 | 1809 | 24.78 |
| **Andrew Gallagher** | 105 | 100 | 6 | 2276 | 24.21 |
| **Richard Kitson** | 35 | 35 | 5 | 649 | 21.63 |
| **Ian Marshall** | 182 | 138 | 24 | 2421 | 21.24 |
| **Richard Beswick** | 388 | 348 | 56 | 6089 | 20.85 |
| **Harry Ingham** | 46 | 40 | 9 | 625 | 20.16 |
| **Alan Sylvester** | 58 | 35 | 16 | 380 | 20.00 |
| **Tom Rutherford** | 53 | 48 | 5 | 814 | 18.93 |
| **Mark Petre** | 27 | 27 | 3 | 437 | 18.21 |
| **Richard Green** | 34 | 25 | 5 | 359 | 17.95 |
| **Andrew MacFarlane** | 34 | 30 | 0 | 530 | 17.67 |
| **Patrick Wigg** | 73 | 57 | 17 | 675 | 16.88 |
| **Jim Grant** | 329 | 285 | 33 | 4244 | 16.84 |
| **William Calvert** | 260 | 237 | 31 | 3446 | 16.73 |
| **William Chapman** | 25 | 24 | 3 | 341 | 16.24 |
| **Mark Kirwan** | 42 | 28 | 5 | 356 | 15.48 |
| **Edward Garland** | 178 | 125 | 33 | 1336 | 14.52 |
| **Andrew Slight** | 106 | 88 | 8 | 889 | 11.11 |
| **Andrew Fielding** | 39 | 35 | 2 | 340 | 10.30 |
| **David Young** | 86 | 65 | 17 | 479 | 9.98 |
| **Mark Gardiner** | 100 | 83 | 16 | 618 | 9.22 |
| **Pete Grant** | 105 | 94 | 13 | 698 | 8.62 |
| **Jerry Wright** | 313 | 151 | 57 | 798 | 8.49 |
| **Richard Coyle** | 64 | 56 | 14 | 310 | 7.38 |

## Career Bowling

| Player | M | O | M | R | W | Ave | SR |
|:---|:---|:---|:---|:---|:---|:---|:---|
| **Jerry Wright** | 313 | 2299.3 | 338 | 8535 | 459 | 18.59 | 30.06 |
| **Richard Beswick** | 388 | 1782.5 | 334 | 6195 | 352 | 17.60 | 30.38 |
| **Ian Marshall** | 182 | 1573.4 | 383 | 4707 | 257 | 18.32 | 36.73 |
| **Edward Garland** | 178 | 740 | 65 | 3450 | 212 | 16.27 | 20.94 |
| **Richard Earney** | 278 | 880.8 | 89 | 4126 | 180 | 22.92 | 29.36 |
| **William Calvert** | 260 | 646.5 | 86 | 2946 | 144 | 20.46 | 26.94 |
| **Patrick Wigg** | 73 | 521.1 | 83 | 1802 | 97 | 18.58 | 32.23 |
| **Alan Sylvester** | 58 | 377.1 | 66 | 1416 | 76 | 18.63 | 29.77 |
| **Mark Kirwan** | 42 | 339.3 | 60 | 1137 | 70 | 16.24 | 29.08 |
| **Harry Ingham** | 46 | 422.1 | 81 | 1322 | 69 | 19.16 | 36.70 |
| **Andrew MacFarlane** | 34 | 357.2 | 70 | 1041 | 68 | 15.31 | 31.52 |
| **Richard Green** | 34 | 265.1 | 27 | 1042 | 63 | 16.54 | 25.25 |
| **Paul O Mahony** | 52 | 364.8 | 49 | 1445 | 57 | 25.35 | 38.40 |
| **Mohit Gupta** | 40 | 254.3 | 33 | 943 | 53 | 17.79 | 28.79 |
| **Richard Olver** | 45 | 304 | 69 | 931 | 50 | 18.62 | 36.48 |
| **Graeme Wright** | 49 | 339 | 56 | 1101 | 47 | 23.43 | 43.28 |
| **Gareth Powell** | 43 | 316.3 | 50 | 1169 | 44 | 26.57 | 43.13 |
| **Tom Rutherford** | 53 | 240.7 | 30 | 946 | 43 | 22.00 | 33.59 |
| **Steven Hornsby** | 72 | 175.4 | 14 | 867 | 40 | 21.68 | 26.31 |
| **Andrew Gallagher** | 105 | 151.1 | 11 | 761 | 38 | 20.03 | 23.86 |
| **Tony Purves** | 18 | 111.8 | 14 | 488 | 36 | 13.56 | 18.63 |
| **Steve Masterson** | 23 | 212.1 | 37 | 718 | 35 | 20.51 | 36.36 |
| **Mark Gardiner** | 100 | 139.5 | 11 | 603 | 33 | 18.27 | 25.36 |
| **Phil Bentley** | 19 | 165.9 | 30 | 518 | 31 | 16.71 | 32.11 |

## Career Bowling (by ave)

| Player | M | O | M | R | W | Ave | SR |
|:---|:---|:---|:---|:---|:---|:---|:---|
| **Tony Purves** | 18 | 111.8 | 14 | 488 | 36 | 13.56 | 18.63 |
| **Andrew MacFarlane** | 34 | 357.2 | 70 | 1041 | 68 | 15.31 | 31.52 |
| **Mark Kirwan** | 42 | 339.3 | 60 | 1137 | 70 | 16.24 | 29.08 |
| **Edward Garland** | 178 | 740 | 65 | 3450 | 212 | 16.27 | 20.94 |
| **Richard Green** | 34 | 265.1 | 27 | 1042 | 63 | 16.54 | 25.25 |
| **Phil Bentley** | 19 | 165.9 | 30 | 518 | 31 | 16.71 | 32.11 |
| **Richard Beswick** | 388 | 1782.5 | 334 | 6195 | 352 | 17.60 | 30.38 |
| **Mohit Gupta** | 40 | 254.3 | 33 | 943 | 53 | 17.79 | 28.79 |
| **Mark Gardiner** | 100 | 139.5 | 11 | 603 | 33 | 18.27 | 25.36 |
| **Ian Marshall** | 182 | 1573.4 | 383 | 4707 | 257 | 18.32 | 36.73 |
| **Patrick Wigg** | 73 | 521.1 | 83 | 1802 | 97 | 18.58 | 32.23 |
| **Jerry Wright** | 313 | 2299.3 | 338 | 8535 | 459 | 18.59 | 30.06 |
| **Richard Olver** | 45 | 304 | 69 | 931 | 50 | 18.62 | 36.48 |
| **Alan Sylvester** | 58 | 377.1 | 66 | 1416 | 76 | 18.63 | 29.77 |
| **Harry Ingham** | 46 | 422.1 | 81 | 1322 | 69 | 19.16 | 36.70 |
| **Andrew Gallagher** | 105 | 151.1 | 11 | 761 | 38 | 20.03 | 23.86 |
| **William Calvert** | 260 | 646.5 | 86 | 2946 | 144 | 20.46 | 26.94 |
| **Steve Masterson** | 23 | 212.1 | 37 | 718 | 35 | 20.51 | 36.36 |
| **Steven Hornsby** | 72 | 175.4 | 14 | 867 | 40 | 21.68 | 26.31 |
| **Tom Rutherford** | 53 | 240.7 | 30 | 946 | 43 | 22.00 | 33.59 |
| **Richard Earney** | 278 | 880.8 | 89 | 4126 | 180 | 22.92 | 29.36 |
| **Graeme Wright** | 49 | 339 | 56 | 1101 | 47 | 23.43 | 43.28 |
| **Paul O Mahony** | 52 | 364.8 | 49 | 1445 | 57 | 25.35 | 38.40 |
| **Gareth Powell** | 43 | 316.3 | 50 | 1169 | 44 | 26.57 | 43.13 |

