---
layout: default
title: 2012 Statistics
nav_order: 30
parent: Statistics
---

# {{page.title}}

(Career Qualification 200 runs; 20 wkts)

<details open markdown="block">
  {: .text-delta }
1. TOC
{:toc}
</details>

## Season Batting

| Player | Inns | No | Runs | Ave |
|:--|:--|:--|:--|:--|
| **Richard Earney** | 9 | 3 | 267 | 44.5 |
| **Tom Rutherford** | 4 | 0 | 138 | 34.5 |
| **Mohit Gupta** | 5 | 0 | 117 | 23.4 |
| **Patrick Wigg** | 6 | 1 | 90 | 18 |
| **Richard Beswick** | 8 | 0 | 67 | 8.38 |
| **Devunka Pathak** | 3 | 0 | 62 | 20.67 |
| **Alf Beswick** | 3 | 1 | 59 | 29.5 |
| **Ray Damaze** | 4 | 0 | 57 | 14.25 |
| **William Calvert** | 7 | 0 | 55 | 7.86 |
| **Martin Goff** | 1 | 0 | 44 | 44 |
| **Andrew Gallagher** | 3 | 1 | 44 | 22 |
| **Sudip Chatterjee** | 1 | 0 | 41 | 41 |
| **Harry Ingham** | 2 | 0 | 28 | 14 |
| **A Asmal** | 1 | 0 | 23 | 23 |
| **Jim Grant** | 6 | 1 | 21 | 4.2 |
| **Kit Gallagher** | 4 | 0 | 16 | 4 |
| **Ian Marshall** | 1 | 0 | 14 | 14 |
| **Edward Ingham** | 1 | 0 | 13 | 13 |
| **Steve Masterson** | 1 | 0 | 12 | 12 |
| **Toby Carden** | 1 | 0 | 8 | 8 |
| **Granville Weekes** | 1 | 0 | 5 | 5 |
| **Chris Martin** | 1 | 1 | 4 | - |
| **David Brookfield** | 2 | 1 | 3 | 3 |
| **Steven Hornsby** | 1 | 0 | 3 | 3 |
| **Edward Garland** | 2 | 0 | 2 | 1 |
| **Corin Gallagher** | 2 | 0 | 2 | 1 |
| **David O'Connor** | 1 | 1 | 1 | - |
| **Alex Ridgers** | 1 | 0 | 1 | 1 |
| **Joe Moorman** | 1 | 1 | 0 | - |
| **Richard O Hagan** | 0 | 0 | 0 | - |
| **Andrew Slight** | 1 | 0 | 0 | 0 |
| **Jerry Wright** | 2 | 0 | 0 | 0 |
| **Harry Earney** | 1 | 0 | 0 | 0 |

## Season Batting (by ave)

| Player | Inns | No | Runs | Ave |
|:--|:--|:--|:--|:--|
| **Richard Earney** | 9 | 3 | 267 | 44.5 |
| **Martin Goff** | 1 | 0 | 44 | 44 |
| **Sudip Chatterjee** | 1 | 0 | 41 | 41 |
| **Tom Rutherford** | 4 | 0 | 138 | 34.5 |
| **Alf Beswick** | 3 | 1 | 59 | 29.5 |
| **Mohit Gupta** | 5 | 0 | 117 | 23.4 |
| **A Asmal** | 1 | 0 | 23 | 23 |
| **Andrew Gallagher** | 3 | 1 | 44 | 22 |
| **Devunka Pathak** | 3 | 0 | 62 | 20.67 |
| **Patrick Wigg** | 6 | 1 | 90 | 18 |
| **Ray Damaze** | 4 | 0 | 57 | 14.25 |
| **Ian Marshall** | 1 | 0 | 14 | 14 |
| **Harry Ingham** | 2 | 0 | 28 | 14 |
| **Edward Ingham** | 1 | 0 | 13 | 13 |
| **Steve Masterson** | 1 | 0 | 12 | 12 |
| **Richard Beswick** | 8 | 0 | 67 | 8.38 |
| **Toby Carden** | 1 | 0 | 8 | 8 |
| **William Calvert** | 7 | 0 | 55 | 7.86 |
| **Granville Weekes** | 1 | 0 | 5 | 5 |
| **Jim Grant** | 6 | 1 | 21 | 4.2 |
| **Kit Gallagher** | 4 | 0 | 16 | 4 |
| **David Brookfield** | 2 | 1 | 3 | 3 |
| **Steven Hornsby** | 1 | 0 | 3 | 3 |
| **Edward Garland** | 2 | 0 | 2 | 1 |
| **Corin Gallagher** | 2 | 0 | 2 | 1 |
| **Alex Ridgers** | 1 | 0 | 1 | 1 |
| **Andrew Slight** | 1 | 0 | 0 | 0 |
| **Jerry Wright** | 2 | 0 | 0 | 0 |
| **Harry Earney** | 1 | 0 | 0 | 0 |
| **Joe Moorman** | 1 | 1 | 0 | - |
| **Richard O'Hagan** | 0 | 0 | 0 | - |
| **Chris Martin** | 1 | 1 | 4 | - |
| **David O'Connor** | 1 | 1 | 1 | - |

## Season Bowling

| Player | O | M | Runs | Wkts | Ave | SR |
|:--|:--|:--|:--|:--|:--|
| **Richard Beswick** | 43.2 | 9 | 120 | 17 | 7.06 | 15.25 |
| **Jerry Wright** | 56.1 | 7 | 160 | 14 | 11.43 | 24.04 |
| **Patrick Wigg** | 65.6 | 15 | 154 | 14 | 11 | 28.11 |
| **Edward Garland** | 26 | 2 | 141 | 9 | 15.67 | 17.33 |
| **Kit Gallagher** | 27 | 2 | 107 | 7 | 15.29 | 23.14 |
| **Mohit Gupta** | 28 | 3 | 91 | 5 | 18.2 | 33.6 |
| **Richard Earney** | 19 | 1 | 46 | 4 | 11.5 | 28.5 |
| **Harry Ingham** | 18.4 | 3 | 54 | 3 | 18 | 36.8 |
| **Steve Masterson** | 8 | 0 | 36 | 3 | 12 | 16 |
| **Andrew Slight** | 3 | 0 | 16 | 2 | 8 | 9 |
| **Devunka Pathak** | 12 | 1 | 40 | 2 | 20 | 36 |
| **Alf Beswick** | 3 | 0 | 17 | 2 | 8.5 | 9 |
| **Chris Martin** | 6 | 0 | 35 | 1 | 35 | 36 |
| **Jim Grant** | 1 | 0 | 5 | 0 | ? | ? |
| **Granville Weekes** | 4 | 0 | 11 | 0 | ? | ? |
| **Toby Carden** | 5 | 0 | 29 | 0 | ? | ? |
| **David Brookfield** | 7 | 0 | 35 | 0 | ? | ? |
| **Ian Marshall** | 19 | 2 | 61 | 0 | ? | ? |
| **Corin Gallagher** | 4 | 0 | 28 | 0 | ? | ? |
| **Ray Damaze** | .5 | 0 | 7 | 0 | ? | ? |
| **Edward Ingham** | 3 | 0 | 37 | 0 | ? | ? |

## Season Bowling (by ave)

| Player | O | M | Runs | Wkts | Ave | SR |
|:--|:--|:--|:--|:--|:--|
| **Richard Beswick** | 43.2 | 9 | 120 | 17 | 7.06 | 15.25 |
| **Andrew Slight** | 3 | 0 | 16 | 2 | 8 | 9 |
| **Alf Beswick** | 3 | 0 | 17 | 2 | 8.5 | 9 |
| **Patrick Wigg** | 65.6 | 15 | 154 | 14 | 11 | 28.11 |
| **Jerry Wright** | 56.1 | 7 | 160 | 14 | 11.43 | 24.04 |
| **Richard Earney** | 19 | 1 | 46 | 4 | 11.5 | 28.5 |
| **Steve Masterson** | 8 | 0 | 36 | 3 | 12 | 16 |
| **Kit Gallagher** | 27 | 2 | 107 | 7 | 15.29 | 23.14 |
| **Edward Garland** | 26 | 2 | 141 | 9 | 15.67 | 17.33 |
| **Harry Ingham** | 18.4 | 3 | 54 | 3 | 18 | 36.8 |
| **Mohit Gupta** | 28 | 3 | 91 | 5 | 18.2 | 33.6 |
| **Devunka Pathak** | 12 | 1 | 40 | 2 | 20 | 36 |
| **Chris Martin** | 6 | 0 | 35 | 1 | 35 | 36 |

