---
layout: default
title: 2013 Statistics
nav_order: 29
parent: Statistics
---

# {{page.title}}

## Season Batting

| Player | Inns | No | Runs | Ave |
|:--|:--|:--|:--|:--|
| **Richard Beswick** | 15 | 4 | 262 | 23.82 |
| **Richard Earney** | 13 | 1 | 250 | 20.83 |
| **Alf Beswick** | 7 | 2 | 238 | 47.6 |
| **Ray Damaze** | 7 | 2 | 231 | 46.2 |
| **Tom Rutherford** | 5 | 0 | 196 | 39.2 |
| **Mohit Gupta** | 8 | 1 | 170 | 24.29 |
| **Patrick Wigg** | 8 | 2 | 152 | 25.33 |
| **Andrew Gallagher** | 4 | 0 | 119 | 29.75 |
| **Harry Ingham** | 6 | 3 | 116 | 38.67 |
| **Steven Hornsby** | 3 | 1 | 104 | 52 |
| **Marcus Elwin** | 2 | 0 | 77 | 38.5 |
| **Jim Grant** | 4 | 0 | 70 | 17.5 |
| **Ted Ingham** | 5 | 1 | 58 | 14.5 |
| **Toby Carden** | 2 | 0 | 51 | 25.5 |
| **Andrew Slight** | 5 | 1 | 48 | 12 |
| **William Calvert** | 11 | 0 | 47 | 4.27 |
| **Jerry Wright** | 6 | 3 | 42 | 14 |
| **Waheed Khan** | 2 | 1 | 40 | 40 |
| **Bilal** | 2 | 0 | 18 | 9 |
| **Martin Goff** | 1 | 0 | 15 | 15 |
| **Edward Garland** | 4 | 0 | 15 | 3.75 |
| **Richard Coyle** | 1 | 0 | 11 | 11 |
| **Kit Gallagher** | 2 | 2 | 10 | ? |
| **Philip Beswick** | 1 | 1 | 7 | ? |
| **Tauseef Ahmed** | 2 | 0 | 6 | 3 |
| **John Purefoy** | 1 | 1 | 3 | ? |
| **Callum Garland** | 1 | 0 | 1 | 1 |
| **Richard O Hagan** | 1 | 0 | 0 | 0 |
| **Chris Martin** | 1 | 0 | 0 | 0 |
| **Alex Ridgers** | 2 | 0 | 0 | 0 |
| **Jack Stacey** | 1 | 0 | 0 | 0 |

## Season Batting (by ave)

| Player | Inns | No | Runs | Ave |
|:--|:--|:--|:--|:--|
| **Steven Hornsby** | 3 | 1 | 104 | 52 |
| **Alf Beswick** | 7 | 2 | 238 | 47.6 |
| **Ray Damaze** | 7 | 2 | 231 | 46.2 |
| **Waheed Khan** | 2 | 1 | 40 | 40 |
| **Tom Rutherford** | 5 | 0 | 196 | 39.2 |
| **Harry Ingham** | 6 | 3 | 116 | 38.67 |
| **Marcus Elwin** | 2 | 0 | 77 | 38.5 |
| **Andrew Gallagher** | 4 | 0 | 119 | 29.75 |
| **Toby Carden** | 2 | 0 | 51 | 25.5 |
| **Patrick Wigg** | 8 | 2 | 152 | 25.33 |
| **Mohit Gupta** | 8 | 1 | 170 | 24.29 |
| **Richard Beswick** | 15 | 4 | 262 | 23.82 |
| **Richard Earney** | 13 | 1 | 250 | 20.83 |
| **Jim Grant** | 4 | 0 | 70 | 17.5 |
| **Martin Goff** | 1 | 0 | 15 | 15 |
| **Ted Ingham** | 5 | 1 | 58 | 14.5 |
| **Jerry Wright** | 6 | 3 | 42 | 14 |
| **Andrew Slight** | 5 | 1 | 48 | 12 |
| **Richard Coyle** | 1 | 0 | 11 | 11 |
| **Bilal** | 2 | 0 | 18 | 9 |
| **William Calvert** | 11 | 0 | 47 | 4.27 |
| **Edward Garland** | 4 | 0 | 15 | 3.75 |
| **Tauseef Ahmed** | 2 | 0 | 6 | 3 |
| **Callum Garland** | 1 | 0 | 1 | 1 |
| **Richard O Hagan** | 1 | 0 | 0 | 0 |
| **Chris Martin** | 1 | 0 | 0 | 0 |
| **Alex Ridgers** | 2 | 0 | 0 | 0 |
| **Jack Stacey** | 1 | 0 | 0 | 0 |
| **Philip Beswick** | 1 | 1 | 7 | ? |
| **John Purefoy** | 1 | 1 | 3 | ? |
| **Kit Gallagher** | 2 | 2 | 10 | ? |

## Season Bowling

| Player | O | M | Runs | Wkts | Ave | SR |
|:--|:--|:--|:--|:--|:--|
| **Patrick Wigg** | 96 | 19 | 294 | 16 | 18.38 | 36 |
| **Jerry Wright** | 75.1 | 5 | 362 | 14 | 25.86 | 32.19 |
| **Richard Beswick** | 71.4 | 5 | 311 | 13 | 23.92 | 32.95 |
| **Richard Earney** | 41 | 2 | 178 | 11 | 16.18 | 22.36 |
| **Harry Ingham** | 37 | 7 | 146 | 8 | 18.25 | 27.75 |
| **Chris Martin** | 23 | 7 | 60 | 7 | 8.57 | 19.71 |
| **Philip Beswick** | 21 | 1 | 106 | 6 | 17.67 | 21 |
| **Edward Garland** | 57 | 7 | 245 | 6 | 40.83 | 57 |
| **Andrew Slight** | 14.3 | 0 | 86 | 6 | 14.33 | 14.3 |
| **Waheed Khan** | 19 | 2 | 53 | 5 | 10.6 | 22.8 |
| **Ted Ingham** | 5 | 3 | 11 | 3 | 3.67 | 10 |
| **Mohit Gupta** | 33 | 2 | 118 | 2 | 59 | 99 |
| **Marcus Elwin** | 4.4 | 0 | 24 | 2 | 12 | 13.2 |
| **Callum Garland** | 10 | 1 | 55 | 2 | 27.5 | 30 |
| **Kit Gallagher** | 8 | 1 | 10 | 2 | 5 | 24 |
| **Toby Carden** | 1 | 0 | 11 | 1 | 11 | 6 |
| **Ray Damaze** | 1.3 | 0 | 17 | 1 | 17 | 7.8 |
| **Andrew Gallagher** | 5 | 0 | 17 | 1 | 17 | 30 |
| **Tom Rutherford** | 3.5 | 0 | 18 | 1 | 18 | 21 |
| **Tauseef Ahmed** | 7 | 1 | 25 | 1 | 25 | 42 |
| **Steven Hornsby** | 2 | 0 | 12 | 0 | ? | ? |
| **Alex Ridgers** | 4 | 0 | 25 | 0 | ? | ? |
| **Alf Beswick** | 1 | 0 | 19 | 0 | ? | ? |

## Season Bowling (by ave)

| Player | O | M | Runs | Wkts | Ave | SR |
|:--|:--|:--|:--|:--|:--|
| **Ted Ingham** | 5 | 3 | 11 | 3 | 3.67 | 10 |
| **Kit Gallagher** | 8 | 1 | 10 | 2 | 5 | 24 |
| **Chris Martin** | 23 | 7 | 60 | 7 | 8.57 | 19.71 |
| **Waheed Khan** | 19 | 2 | 53 | 5 | 10.6 | 22.8 |
| **Toby Carden** | 1 | 0 | 11 | 1 | 11 | 6 |
| **Marcus Elwin** | 4.4 | 0 | 24 | 2 | 12 | 13.2 |
| **Andrew Slight** | 14.3 | 0 | 86 | 6 | 14.33 | 14.3 |
| **Richard Earney** | 41 | 2 | 178 | 11 | 16.18 | 22.36 |
| **Ray Damaze** | 1.3 | 0 | 17 | 1 | 17 | 7.8 |
| **Andrew Gallagher** | 5 | 0 | 17 | 1 | 17 | 30 |
| **Philip Beswick** | 21 | 1 | 106 | 6 | 17.67 | 21 |
| **Tom Rutherford** | 3.5 | 0 | 18 | 1 | 18 | 21 |
| **Harry Ingham** | 37 | 7 | 146 | 8 | 18.25 | 27.75 |
| **Patrick Wigg** | 96 | 19 | 294 | 16 | 18.38 | 36 |
| **Richard Beswick** | 71.4 | 5 | 311 | 13 | 23.92 | 32.95 |
| **Tauseef Ahmed** | 7 | 1 | 25 | 1 | 25 | 42 |
| **Jerry Wright** | 75.1 | 5 | 362 | 14 | 25.86 | 32.19 |
| **Callum Garland** | 10 | 1 | 55 | 2 | 27.5 | 30 |
| **Edward Garland** | 57 | 7 | 245 | 6 | 40.83 | 57 |
| **Mohit Gupta** | 33 | 2 | 118 | 2 | 59 | 99 |

## Career Batting

| Player | M | Inns | NOs | Runs | Ave |
|:---|:---|:---|:---|:---|:---|
| **Richard Earney** | 291 | 283 | 25 | 7619 | 29.53 |
| **Richard Beswick** | 404 | 363 | 60 | 6351 | 20.96 |
| **Jim Grant** | 337 | 289 | 33 | 4314 | 16.85 |
| **William Calvert** | 272 | 248 | 31 | 3493 | 16.10 |
| **Ian Marshall** | 182 | 138 | 24 | 2421 | 21.24 |
| **Andrew Gallagher** | 109 | 104 | 6 | 2395 | 24.44 |
| **Steven Hornsby** | 75 | 71 | 9 | 2370 | 38.23 |
| **Simon Barrowcliff** | 82 | 79 | 6 | 1809 | 24.78 |
| **Edward Garland** | 188 | 129 | 33 | 1351 | 14.07 |
| **Mohit Gupta** | 48 | 45 | 8 | 1261 | 34.08 |
| **Martin Goff** | 41 | 41 | 3 | 1164 | 30.63 |
| **Tom Rutherford** | 58 | 53 | 5 | 1010 | 21.04 |
| **Andrew Slight** | 112 | 93 | 9 | 937 | 11.15 |
| **Jerry Wright** | 327 | 157 | 60 | 840 | 8.66 |
| **Patrick Wigg** | 86 | 65 | 19 | 827 | 17.98 |
| **David Swann** | 21 | 20 | 5 | 755 | 50.33 |
| **Harry Ingham** | 53 | 46 | 12 | 741 | 21.79 |
| **Pete Grant** | 105 | 94 | 13 | 698 | 8.62 |
| **Phil Bentley** | 19 | 18 | 2 | 683 | 42.69 |
| **Richard Kitson** | 35 | 35 | 5 | 649 | 21.63 |
| **Mark Gardiner** | 100 | 83 | 16 | 618 | 9.22 |
| **Martin Breddy** | 15 | 15 | 0 | 565 | 37.67 |
| **James Hylton** | 9 | 8 | 2 | 542 | 90.33 |
| **Will Wright** | 23 | 22 | 1 | 540 | 25.71 |
| **Andrew MacFarlane** | 34 | 30 | 0 | 530 | 17.67 |
| **Mark Taylor** | 15 | 15 | 2 | 495 | 38.08 |
| **David Young** | 86 | 65 | 17 | 479 | 9.98 |
| **Tony Purves** | 18 | 16 | 5 | 459 | 41.73 |
| **Mark Petre** | 27 | 27 | 3 | 437 | 18.21 |
| **Ray Damaze** | 14 | 14 | 2 | 426 | 35.50 |
| **Alf Beswick** | 31 | 26 | 5 | 408 | 19.43 |
| **Alan Sylvester** | 58 | 35 | 16 | 380 | 20.00 |
| **Stuart Watson** | 14 | 14 | 4 | 370 | 37.00 |
| **Richard Green** | 34 | 25 | 5 | 359 | 17.95 |
| **Mark Kirwan** | 42 | 28 | 5 | 356 | 15.48 |
| **Tim Hammond** | 10 | 10 | 2 | 343 | 42.88 |
| **William Chapman** | 25 | 24 | 3 | 341 | 16.24 |
| **Andrew Fielding** | 39 | 35 | 2 | 340 | 10.30 |
| **Richard Coyle** | 65 | 57 | 14 | 321 | 7.47 |

## Career Batting (by ave)

| Player | M | Inns | NOs | Runs | Ave |
|:---|:---|:---|:---|:---|:---|
| **James Hylton** | 9 | 8 | 2 | 542 | 90.33 |
| **David Swann** | 21 | 20 | 5 | 755 | 50.33 |
| **Tim Hammond** | 10 | 10 | 2 | 343 | 42.88 |
| **Phil Bentley** | 19 | 18 | 2 | 683 | 42.69 |
| **Tony Purves** | 18 | 16 | 5 | 459 | 41.73 |
| **Steven Hornsby** | 75 | 71 | 9 | 2370 | 38.23 |
| **Mark Taylor** | 15 | 15 | 2 | 495 | 38.08 |
| **Martin Breddy** | 15 | 15 | 0 | 565 | 37.67 |
| **Stuart Watson** | 14 | 14 | 4 | 370 | 37.00 |
| **Mark Taylor** | 12 | 12 | 1 | 386 | 35.09 |
| **Ray Damaze** | 14 | 14 | 2 | 426 | 35.50 |
| **Mohit Gupta** | 48 | 45 | 8 | 1261 | 34.08 |
| **Martin Goff** | 41 | 41 | 3 | 1164 | 30.63 |
| **Richard Earney** | 291 | 283 | 25 | 7619 | 29.53 |
| **Will Wright** | 23 | 22 | 1 | 540 | 25.71 |
| **Simon Barrowcliff** | 82 | 79 | 6 | 1809 | 24.78 |
| **Andrew Gallagher** | 109 | 104 | 6 | 2395 | 24.44 |
| **Harry Ingham** | 53 | 46 | 12 | 741 | 21.79 |
| **Richard Kitson** | 35 | 35 | 5 | 649 | 21.63 |
| **Ian Marshall** | 182 | 138 | 24 | 2421 | 21.24 |
| **Tom Rutherford** | 58 | 53 | 5 | 1010 | 21.04 |
| **Richard Beswick** | 404 | 363 | 60 | 6351 | 20.96 |
| **Alan Sylvester** | 58 | 35 | 16 | 380 | 20.00 |
| **Alf Beswick** | 31 | 26 | 5 | 408 | 19.43 |
| **Mark Petre** | 27 | 27 | 3 | 437 | 18.21 |
| **Patrick Wigg** | 86 | 65 | 19 | 827 | 17.98 |
| **Richard Green** | 34 | 25 | 5 | 359 | 17.95 |
| **Andrew MacFarlane** | 34 | 30 | 0 | 530 | 17.67 |
| **Jim Grant** | 337 | 289 | 33 | 4314 | 16.85 |
| **William Chapman** | 25 | 24 | 3 | 341 | 16.24 |
| **William Calvert** | 272 | 248 | 31 | 3493 | 16.10 |
| **Mark Kirwan** | 42 | 28 | 5 | 356 | 15.48 |
| **Edward Garland** | 188 | 129 | 33 | 1351 | 14.07 |
| **Andrew Slight** | 112 | 93 | 9 | 937 | 11.15 |
| **Andrew Fielding** | 39 | 35 | 2 | 340 | 10.30 |
| **David Young** | 86 | 65 | 17 | 479 | 9.98 |
| **Mark Gardiner** | 100 | 83 | 16 | 618 | 9.22 |
| **Jerry Wright** | 327 | 157 | 60 | 840 | 8.66 |
| **Pete Grant** | 105 | 94 | 13 | 698 | 8.62 |
| **Richard Coyle** | 65 | 57 | 14 | 321 | 7.47 |

## Career Bowling

| Player | M | O | M | R | W | Ave | SR |
|:---|:---|:---|:---|:---|:---|:---|:---|
| **Jerry Wright** | 327 | 2374.4 | 343 | 8897 | 473 | 18.81 | 30.12 |
| **Richard Beswick** | 404 | 1853.9 | 339 | 6506 | 365 | 17.82 | 30.48 |
| **Ian Marshall** | 182 | 1573.4 | 383 | 4707 | 257 | 18.32 | 36.73 |
| **Edward Garland** | 188 | 797 | 72 | 3695 | 218 | 16.95 | 21.94 |
| **Richard Earney** | 291 | 921.8 | 91 | 4304 | 191 | 22.53 | 28.96 |
| **William Calvert** | 272 | 646.5 | 86 | 2946 | 144 | 20.46 | 26.94 |
| **Patrick Wigg** | 86 | 617.1 | 102 | 2096 | 113 | 18.55 | 32.77 |
| **Harry Ingham** | 53 | 459.1 | 88 | 1468 | 77 | 19.06 | 35.77 |
| **Alan Sylvester** | 58 | 377.1 | 66 | 1416 | 76 | 18.63 | 29.77 |
| **Mark Kirwan** | 42 | 339.3 | 60 | 1137 | 70 | 16.24 | 29.08 |
| **Andrew MacFarlane** | 34 | 357.2 | 70 | 1041 | 68 | 15.31 | 31.52 |
| **Richard Green** | 34 | 265.1 | 27 | 1042 | 63 | 16.54 | 25.25 |
| **Paul O'Mahony** | 52 | 364.8 | 49 | 1445 | 57 | 25.35 | 38.40 |
| **Mohit Gupta** | 48 | 287.3 | 35 | 1061 | 55 | 19.29 | 31.34 |
| **Richard Olver** | 45 | 304 | 69 | 931 | 50 | 18.62 | 36.48 |
| **Graeme Wright** | 49 | 339 | 56 | 1101 | 47 | 23.43 | 43.28 |
| **Gareth Powell** | 43 | 316.3 | 50 | 1169 | 44 | 26.57 | 43.13 |
| **Tom Rutherford** | 58 | 244.2 | 30 | 964 | 44 | 21.91 | 33.30 |
| **Steven Hornsby** | 75 | 177.4 | 14 | 879 | 40 | 21.98 | 26.61 |
| **Andrew Gallagher** | 109 | 156.1 | 11 | 778 | 39 | 19.95 | 24.02 |
| **Tony Purves** | 18 | 111.8 | 14 | 488 | 36 | 13.56 | 18.63 |
| **Steve Masterson** | 23 | 212.1 | 37 | 718 | 35 | 20.51 | 36.36 |
| **Mark Gardiner** | 100 | 139.5 | 11 | 603 | 33 | 18.27 | 25.36 |
| **Phil Bentley** | 19 | 165.9 | 30 | 518 | 31 | 16.71 | 32.11 |

## Career Bowling (by ave)

| Player | M | O | M | R | W | Ave | SR |
|:---|:---|:---|:---|:---|:---|:---|:---|
| **Tony Purves** | 18 | 111.8 | 14 | 488 | 36 | 13.56 | 18.63 |
| **Andrew MacFarlane** | 34 | 357.2 | 70 | 1041 | 68 | 15.31 | 31.52 |
| **Mark Kirwan** | 42 | 339.3 | 60 | 1137 | 70 | 16.24 | 29.08 |
| **Richard Green** | 34 | 265.1 | 27 | 1042 | 63 | 16.54 | 25.25 |
| **Phil Bentley** | 19 | 165.9 | 30 | 518 | 31 | 16.71 | 32.11 |
| **Edward Garland** | 188 | 797 | 72 | 3695 | 218 | 16.95 | 21.94 |
| **Richard Beswick** | 404 | 1853.9 | 339 | 6506 | 365 | 17.82 | 30.48 |
| **Mark Gardiner** | 100 | 139.5 | 11 | 603 | 33 | 18.27 | 25.36 |
| **Ian Marshall** | 182 | 1573.4 | 383 | 4707 | 257 | 18.32 | 36.73 |
| **Patrick Wigg** | 86 | 617.1 | 102 | 2096 | 113 | 18.55 | 32.77 |
| **Richard Olver** | 45 | 304 | 69 | 931 | 50 | 18.62 | 36.48 |
| **Alan Sylvester** | 58 | 377.1 | 66 | 1416 | 76 | 18.63 | 29.77 |
| **Jerry Wright** | 327 | 2374.4 | 343 | 8897 | 473 | 18.81 | 30.12 |
| **Harry Ingham** | 53 | 459.1 | 88 | 1468 | 77 | 19.06 | 35.77 |
| **Mohit Gupta** | 48 | 287.3 | 35 | 1061 | 55 | 19.29 | 31.34 |
| **Andrew Gallagher** | 109 | 156.1 | 11 | 778 | 39 | 19.95 | 24.02 |
| **William Calvert** | 272 | 646.5 | 86 | 2946 | 144 | 20.46 | 26.94 |
| **Steve Masterson** | 23 | 212.1 | 37 | 718 | 35 | 20.51 | 36.36 |
| **Tom Rutherford** | 58 | 244.2 | 30 | 964 | 44 | 21.91 | 33.30 |
| **Steven Hornsby** | 75 | 177.4 | 14 | 879 | 40 | 21.98 | 26.61 |
| **Richard Earney** | 291 | 921.8 | 91 | 4304 | 191 | 22.53 | 28.96 |
| **Graeme Wright** | 49 | 339 | 56 | 1101 | 47 | 23.43 | 43.28 |
| **Paul O'Mahony** | 52 | 364.8 | 49 | 1445 | 57 | 25.35 | 38.40 |
| **Gareth Powell** | 43 | 316.3 | 50 | 1169 | 44 | 26.57 | 43.13 |
