---
layout: default
title: 2013 Statistics
nav_order: 29
parent: Statistics
---

# {{page.title}}

(Career Qualification 200 runs; 20 wkts)

<details open markdown="block">
  {: .text-delta }
1. TOC
{:toc}
</details>

## Season Batting

| Player | Inns | No | Runs | Ave |
|:--|:--|:--|:--|:--|
| **Richard Beswick** | 15 | 4 | 262 | 23.82 |
| **Richard Earney** | 13 | 1 | 250 | 20.83 |
| **Alf Beswick** | 7 | 2 | 238 | 47.6 |
| **Ray Damaze** | 7 | 2 | 231 | 46.2 |
| **Tom Rutherford** | 5 | 0 | 196 | 39.2 |
| **Mohit Gupta** | 8 | 1 | 170 | 24.29 |
| **Patrick Wigg** | 8 | 2 | 152 | 25.33 |
| **Andrew Gallagher** | 4 | 0 | 119 | 29.75 |
| **Harry Ingham** | 6 | 3 | 116 | 38.67 |
| **Steven Hornsby** | 3 | 1 | 104 | 52 |
| **Marcus Elwin** | 2 | 0 | 77 | 38.5 |
| **Jim Grant** | 4 | 0 | 70 | 17.5 |
| **Ted Ingham** | 5 | 1 | 58 | 14.5 |
| **Toby Carden** | 2 | 0 | 51 | 25.5 |
| **Andrew Slight** | 5 | 1 | 48 | 12 |
| **William Calvert** | 11 | 0 | 47 | 4.27 |
| **Jerry Wright** | 6 | 3 | 42 | 14 |
| **Waheed Khan** | 2 | 1 | 40 | 40 |
| **Bilal** | 2 | 0 | 18 | 9 |
| **Martin Goff** | 1 | 0 | 15 | 15 |
| **Edward Garland** | 4 | 0 | 15 | 3.75 |
| **Richard Coyle** | 1 | 0 | 11 | 11 |
| **Kit Gallagher** | 2 | 2 | 10 | ? |
| **Philip Beswick** | 1 | 1 | 7 | ? |
| **Tauseef Ahmed** | 2 | 0 | 6 | 3 |
| **John Purefoy** | 1 | 1 | 3 | ? |
| **Callum Garland** | 1 | 0 | 1 | 1 |
| **Richard O Hagan** | 1 | 0 | 0 | 0 |
| **Chris Martin** | 1 | 0 | 0 | 0 |
| **Alex Ridgers** | 2 | 0 | 0 | 0 |
| **Jack Stacey** | 1 | 0 | 0 | 0 |

## Season Batting (by ave)

| Player | Inns | No | Runs | Ave |
|:--|:--|:--|:--|:--|
| **Steven Hornsby** | 3 | 1 | 104 | 52 |
| **Alf Beswick** | 7 | 2 | 238 | 47.6 |
| **Ray Damaze** | 7 | 2 | 231 | 46.2 |
| **Waheed Khan** | 2 | 1 | 40 | 40 |
| **Tom Rutherford** | 5 | 0 | 196 | 39.2 |
| **Harry Ingham** | 6 | 3 | 116 | 38.67 |
| **Marcus Elwin** | 2 | 0 | 77 | 38.5 |
| **Andrew Gallagher** | 4 | 0 | 119 | 29.75 |
| **Toby Carden** | 2 | 0 | 51 | 25.5 |
| **Patrick Wigg** | 8 | 2 | 152 | 25.33 |
| **Mohit Gupta** | 8 | 1 | 170 | 24.29 |
| **Richard Beswick** | 15 | 4 | 262 | 23.82 |
| **Richard Earney** | 13 | 1 | 250 | 20.83 |
| **Jim Grant** | 4 | 0 | 70 | 17.5 |
| **Martin Goff** | 1 | 0 | 15 | 15 |
| **Ted Ingham** | 5 | 1 | 58 | 14.5 |
| **Jerry Wright** | 6 | 3 | 42 | 14 |
| **Andrew Slight** | 5 | 1 | 48 | 12 |
| **Richard Coyle** | 1 | 0 | 11 | 11 |
| **Bilal** | 2 | 0 | 18 | 9 |
| **William Calvert** | 11 | 0 | 47 | 4.27 |
| **Edward Garland** | 4 | 0 | 15 | 3.75 |
| **Tauseef Ahmed** | 2 | 0 | 6 | 3 |
| **Callum Garland** | 1 | 0 | 1 | 1 |
| **Richard O Hagan** | 1 | 0 | 0 | 0 |
| **Chris Martin** | 1 | 0 | 0 | 0 |
| **Alex Ridgers** | 2 | 0 | 0 | 0 |
| **Jack Stacey** | 1 | 0 | 0 | 0 |
| **Philip Beswick** | 1 | 1 | 7 | ? |
| **John Purefoy** | 1 | 1 | 3 | ? |
| **Kit Gallagher** | 2 | 2 | 10 | ? |

## Season Bowling

| Player | O | M | Runs | Wkts | Ave | SR |
|:--|:--|:--|:--|:--|:--|
| **Patrick Wigg** | 96 | 19 | 294 | 16 | 18.38 | 36 |
| **Jerry Wright** | 75.1 | 5 | 362 | 14 | 25.86 | 32.19 |
| **Richard Beswick** | 71.4 | 5 | 311 | 13 | 23.92 | 32.95 |
| **Richard Earney** | 41 | 2 | 178 | 11 | 16.18 | 22.36 |
| **Harry Ingham** | 37 | 7 | 146 | 8 | 18.25 | 27.75 |
| **Chris Martin** | 23 | 7 | 60 | 7 | 8.57 | 19.71 |
| **Philip Beswick** | 21 | 1 | 106 | 6 | 17.67 | 21 |
| **Edward Garland** | 57 | 7 | 245 | 6 | 40.83 | 57 |
| **Andrew Slight** | 14.3 | 0 | 86 | 6 | 14.33 | 14.3 |
| **Waheed Khan** | 19 | 2 | 53 | 5 | 10.6 | 22.8 |
| **Ted Ingham** | 5 | 3 | 11 | 3 | 3.67 | 10 |
| **Mohit Gupta** | 33 | 2 | 118 | 2 | 59 | 99 |
| **Marcus Elwin** | 4.4 | 0 | 24 | 2 | 12 | 13.2 |
| **Callum Garland** | 10 | 1 | 55 | 2 | 27.5 | 30 |
| **Kit Gallagher** | 8 | 1 | 10 | 2 | 5 | 24 |
| **Toby Carden** | 1 | 0 | 11 | 1 | 11 | 6 |
| **Ray Damaze** | 1.3 | 0 | 17 | 1 | 17 | 7.8 |
| **Andrew Gallagher** | 5 | 0 | 17 | 1 | 17 | 30 |
| **Tom Rutherford** | 3.5 | 0 | 18 | 1 | 18 | 21 |
| **Tauseef Ahmed** | 7 | 1 | 25 | 1 | 25 | 42 |
| **Steven Hornsby** | 2 | 0 | 12 | 0 | ? | ? |
| **Alex Ridgers** | 4 | 0 | 25 | 0 | ? | ? |
| **Alf Beswick** | 1 | 0 | 19 | 0 | ? | ? |

## Season Bowling (by ave)

| Player | O | M | Runs | Wkts | Ave | SR |
|:--|:--|:--|:--|:--|:--|
| **Ted Ingham** | 5 | 3 | 11 | 3 | 3.67 | 10 |
| **Kit Gallagher** | 8 | 1 | 10 | 2 | 5 | 24 |
| **Chris Martin** | 23 | 7 | 60 | 7 | 8.57 | 19.71 |
| **Waheed Khan** | 19 | 2 | 53 | 5 | 10.6 | 22.8 |
| **Toby Carden** | 1 | 0 | 11 | 1 | 11 | 6 |
| **Marcus Elwin** | 4.4 | 0 | 24 | 2 | 12 | 13.2 |
| **Andrew Slight** | 14.3 | 0 | 86 | 6 | 14.33 | 14.3 |
| **Richard Earney** | 41 | 2 | 178 | 11 | 16.18 | 22.36 |
| **Ray Damaze** | 1.3 | 0 | 17 | 1 | 17 | 7.8 |
| **Andrew Gallagher** | 5 | 0 | 17 | 1 | 17 | 30 |
| **Philip Beswick** | 21 | 1 | 106 | 6 | 17.67 | 21 |
| **Tom Rutherford** | 3.5 | 0 | 18 | 1 | 18 | 21 |
| **Harry Ingham** | 37 | 7 | 146 | 8 | 18.25 | 27.75 |
| **Patrick Wigg** | 96 | 19 | 294 | 16 | 18.38 | 36 |
| **Richard Beswick** | 71.4 | 5 | 311 | 13 | 23.92 | 32.95 |
| **Tauseef Ahmed** | 7 | 1 | 25 | 1 | 25 | 42 |
| **Jerry Wright** | 75.1 | 5 | 362 | 14 | 25.86 | 32.19 |
| **Callum Garland** | 10 | 1 | 55 | 2 | 27.5 | 30 |
| **Edward Garland** | 57 | 7 | 245 | 6 | 40.83 | 57 |
| **Mohit Gupta** | 33 | 2 | 118 | 2 | 59 | 99 |

