---
layout: default
title: 2014 Statistics
nav_order: 28
parent: Statistics
---

# {{page.title}}

(Career Qualification 200 runs; 20 wkts)

<details open markdown="block">
  {: .text-delta }
1. TOC
{:toc}
</details>

## Season Batting

| Player | Inns | No | Runs | Ave |
|:--|:--|:--|:--|:--|
| **Richard Beswick** | 12 | 1 | 397 | 36.09 |
| **Mohit Gupta** | 12 | 2 | 348 | 34.8 |
| **Richard Earney** | 10 | 0 | 261 | 26.1 |
| **Steven Hornsby** | 5 | 1 | 149 | 37.25 |
| **Andrew Gallagher** | 6 | 1 | 134 | 26.8 |
| **Ted Ingham** | 10 | 0 | 118 | 11.8 |
| **Tom Rutherford** | 6 | 1 | 101 | 20.2 |
| **Andy Butel** | 3 | 0 | 96 | 32 |
| **Harry Ingham** | 6 | 2 | 87 | 21.75 |
| **Martin Breddy** | 1 | 0 | 85 | 85 |
| **Patrick Wigg** | 8 | 4 | 87 | 21.75 |
| **Jim Grant** | 8 | 4 | 66 | 16.5 |
| **Alf Beswick** | 1 | 0 | 49 | 49 |
| **Jerry Wright** | 8 | 4 | 42 | 10.50 |
| **Ben Coffer** | 1 | 0 | 31 | 31 |
| **Simon Barrowcliff** | 2 | 0 | 30 | 15 |
| **Chris Martin** | 1 | 0 | 25 | 25 |
| **William Calvert** | 7 | 0 | 25 | 3.57 |
| **Ian Marshall** | 2 | 0 | 20 | 10 |
| **Gordon Daley** | 1 | 0 | 18 | 18 |
| **Richard Coyle** | 2 | 0 | 17 | 8.5 |
| **Edward Garland** | 3 | 2 | 16 | 16 |
| **Philip Beswick** | 4 | 0 | 15 | 3.75 |
| **Nick Havers** | 1 | 0 | 10 | 10 |
| **John Purefoy** | 1 | 0 | 10 | 10 |
| **John Coyne** | 1 | 0 | 9 | 9 |
| **Alex Ridgers** | 1 | 1 | 7 | ? |
| **Campbell Garland** | 2 | 1 | 7 | 7 |
| **Vahid Khan** | 1 | 1 | 7 | ? |
| **Leo Gallagher** | 1 | 0 | 5 | 5 |
| **Corin Gallagher** | 2 | 0 | 4 | 2 |
| **Dan Prior** | 1 | 1 | 4 | ? |
| **Matt Cook** | 1 | 0 | 0 | 0 |
| **F Clarke** | 1 | 0 | 0 | 0 |
| **Sian Amin** | 1 | 0 | 0 | 0 |
| **Christopher Wright** | 1 | 1 | 0 | ? |

## Season Batting (by ave)

| Player | Inns | No | Runs | Ave |
|:--|:--|:--|:--|:--|
| **Martin Breddy** | 1 | 0 | 85 | 85 |
| **Alf Beswick** | 1 | 0 | 49 | 49 |
| **Steven Hornsby** | 5 | 1 | 149 | 37.25 |
| **Richard Beswick** | 12 | 1 | 397 | 36.09 |
| **Mohit Gupta** | 12 | 2 | 348 | 34.8 |
| **Andy Butel** | 3 | 0 | 96 | 32 |
| **Ben Coffer** | 1 | 0 | 31 | 31 |
| **Andrew Gallagher** | 6 | 1 | 134 | 26.8 |
| **Richard Earney** | 10 | 0 | 261 | 26.1 |
| **Chris Martin** | 1 | 0 | 25 | 25 |
| **Patrick Wigg** | 8 | 4 | 87 | 21.75 |
| **Harry Ingham** | 6 | 2 | 87 | 21.75 |
| **Tom Rutherford** | 6 | 1 | 101 | 20.2 |
| **Gordon Daley** | 1 | 0 | 18 | 18 |
| **Jim Grant** | 8 | 4 | 66 | 16.5 |
| **Edward Garland** | 3 | 2 | 16 | 16 |
| **Simon Barrowcliff** | 2 | 0 | 30 | 15 |
| **Ted Ingham** | 10 | 0 | 118 | 11.8 |
| **Jerry Wright** | 8 | 4 | 42 | 10.50 |
| **Nick Havers** | 1 | 0 | 10 | 10 |
| **John Purefoy** | 1 | 0 | 10 | 10 |
| **Ian Marshall** | 2 | 0 | 20 | 10 |
| **John Coyne** | 1 | 0 | 9 | 9 |
| **Richard Coyle** | 2 | 0 | 17 | 8.5 |
| **Campbell Garland** | 2 | 1 | 7 | 7 |
| **Leo Gallagher** | 1 | 0 | 5 | 5 |
| **Philip Beswick** | 4 | 0 | 15 | 3.75 |
| **William Calvert** | 7 | 0 | 25 | 3.57 |
| **Corin Gallagher** | 2 | 0 | 4 | 2 |
| **Matt Cook** | 1 | 0 | 0 | 0 |
| **F Clarke** | 1 | 0 | 0 | 0 |
| **Sian Amin** | 1 | 0 | 0 | 0 |
| **Alex Ridgers** | 1 | 1 | 7 | ? |
| **Dan Prior** | 1 | 1 | 4 | ? |
| **Christopher Wright** | 1 | 1 | 0 | ? |
| **Wahid Khan** | 1 | 1 | 7 | ? |

## Season Bowling

| Player | O | M | Runs | Wkts | Ave | SR |
|:--|:--|:--|:--|:--|:--|
| **Jerry Wright** | 75 | 2 | 331 | 18 | 18.39 | 25 |
| **Richard Beswick** | 49.6 | 4 | 216 | 16 | 13.5 | 18.6 |
| **Patrick Wigg** | 78 | 19 | 229 | 14 | 16.36 | 33.43 |
| **Harry Ingham** | 45.3 | 12 | 160 | 9 | 17.78 | 30.2 |
| **Philip Beswick** | 46 | 3 | 237 | 7 | 33.86 | 39.43 |
| **Richard Earney** | 34.3 | 5 | 148 | 6 | 24.67 | 34.3 |
| **Mohit Gupta** | 27 | 5 | 117 | 6 | 19.5 | 27 |
| **Andrew Gallagher** | 32 | 1 | 220 | 5 | 44 | 38.4 |
| **Edward Garland** | 22 | 5 | 79 | 5 | 15.8 | 26.4 |
| **Chris Martin** | 8 | 5 | 7 | 3 | 2.33 | 16 |
| **Tom Rutherford** | 12 | 1 | 81 | 3 | 27 | 24 |
| **Ian Marshall** | 16 | 10 | 26 | 3 | 8.67 | 32 |
| **Campbell Garland** | 17 | 2 | 59 | 2 | 29.5 | 51 |
| **Christopher Wright** | 4 | 0 | 24 | 2 | 12 | 12 |
| **Simon Barrowcliff** | .2 | 0 | 2 | 1 | 2 | 1.2 |
| **Ted Ingham** | 7 | 0 | 43 | 1 | 43 | 42 |
| **Nick Havers** | 8 | 2 | 18 | 1 | 18 | 48 |
| **Andy Butel** | 2.3 | 0 | 4 | 1 | 4 | 13.8 |
| **Corin Gallagher** | 4 | 1 | 13 | 1 | 13 | 24 |

## Season Bowling (by ave)

| Player | O | M | Runs | Wkts | Ave | SR |
|:--|:--|:--|:--|:--|:--|
| **Simon Barrowcliff** | .2 | 0 | 2 | 1 | 2 | 1.2 |
| **Chris Martin** | 8 | 5 | 7 | 3 | 2.33 | 16 |
| **Andy Butel** | 2.3 | 0 | 4 | 1 | 4 | 13.8 |
| **Ian Marshall** | 16 | 10 | 26 | 3 | 8.67 | 32 |
| **Christopher Wright** | 4 | 0 | 24 | 2 | 12 | 12 |
| **Corin Gallagher** | 4 | 1 | 13 | 1 | 13 | 24 |
| **Richard Beswick** | 49.6 | 4 | 216 | 16 | 13.5 | 18.6 |
| **Edward Garland** | 22 | 5 | 79 | 5 | 15.8 | 26.4 |
| **Patrick Wigg** | 78 | 19 | 229 | 14 | 16.36 | 33.43 |
| **Harry Ingham** | 45.3 | 12 | 160 | 9 | 17.78 | 30.2 |
| **Nick Havers** | 8 | 2 | 18 | 1 | 18 | 48 |
| **Jerry Wright** | 75 | 2 | 331 | 18 | 18.39 | 25 |
| **Mohit Gupta** | 27 | 5 | 117 | 6 | 19.5 | 27 |
| **Richard Earney** | 34.3 | 5 | 148 | 6 | 24.67 | 34.3 |
| **Tom Rutherford** | 12 | 1 | 81 | 3 | 27 | 24 |
| **Campbell Garland** | 17 | 2 | 59 | 2 | 29.5 | 51 |
| **Philip Beswick** | 46 | 3 | 237 | 7 | 33.86 | 39.43 |
| **Ted Ingham** | 7 | 0 | 43 | 1 | 43 | 42 |
| **Andrew Gallagher** | 32 | 1 | 220 | 5 | 44 | 38.4 |

