---
layout: default
title: 2014 Statistics
nav_order: 28
parent: Statistics
---

# {{page.title}}

(Career Qualification 200 runs; 20 wkts)

<details open markdown="block">
  {: .text-delta }
1. TOC
{:toc}
</details>

Tom Rutherford: 1000 runs

## Season Batting

| Player | Inns | No | Runs | Ave |
|:--|:--|:--|:--|:--|
| **Richard Beswick** | 12 | 1 | 397 | 36.09 |
| **Mohit Gupta** | 12 | 2 | 348 | 34.8 |
| **Richard Earney** | 10 | 0 | 261 | 26.1 |
| **Steven Hornsby** | 5 | 1 | 149 | 37.25 |
| **Andrew Gallagher** | 6 | 1 | 134 | 26.8 |
| **Ted Ingham** | 10 | 0 | 118 | 11.8 |
| **Tom Rutherford** | 6 | 1 | 101 | 20.2 |
| **Andy Butel** | 3 | 0 | 96 | 32 |
| **Harry Ingham** | 6 | 2 | 87 | 21.75 |
| **Martin Breddy** | 1 | 0 | 85 | 85 |
| **Patrick Wigg** | 8 | 4 | 87 | 21.75 |
| **Jim Grant** | 8 | 4 | 66 | 16.5 |
| **Alf Beswick** | 1 | 0 | 49 | 49 |
| **Jerry Wright** | 8 | 4 | 42 | 10.50 |
| **Ben Coffer** | 1 | 0 | 31 | 31 |
| **Simon Barrowcliff** | 2 | 0 | 30 | 15 |
| **Chris Martin** | 1 | 0 | 25 | 25 |
| **William Calvert** | 7 | 0 | 25 | 3.57 |
| **Ian Marshall** | 2 | 0 | 20 | 10 |
| **Gordon Daley** | 1 | 0 | 18 | 18 |
| **Richard Coyle** | 2 | 0 | 17 | 8.5 |
| **Edward Garland** | 3 | 2 | 16 | 16 |
| **Philip Beswick** | 4 | 0 | 15 | 3.75 |
| **Nick Havers** | 1 | 0 | 10 | 10 |
| **John Purefoy** | 1 | 0 | 10 | 10 |
| **John Coyne** | 1 | 0 | 9 | 9 |
| **Alex Ridgers** | 1 | 1 | 7 | ? |
| **Campbell Garland** | 2 | 1 | 7 | 7 |
| **Vahid Khan** | 1 | 1 | 7 | ? |
| **Leo Gallagher** | 1 | 0 | 5 | 5 |
| **Corin Gallagher** | 2 | 0 | 4 | 2 |
| **Dan Prior** | 1 | 1 | 4 | ? |
| **Matt Cook** | 1 | 0 | 0 | 0 |
| **F Clarke** | 1 | 0 | 0 | 0 |
| **Sian Amin** | 1 | 0 | 0 | 0 |
| **Christopher Wright** | 1 | 1 | 0 | ? |

## Season Batting (by ave)

| Player | Inns | No | Runs | Ave |
|:--|:--|:--|:--|:--|
| **Martin Breddy** | 1 | 0 | 85 | 85 |
| **Alf Beswick** | 1 | 0 | 49 | 49 |
| **Steven Hornsby** | 5 | 1 | 149 | 37.25 |
| **Richard Beswick** | 12 | 1 | 397 | 36.09 |
| **Mohit Gupta** | 12 | 2 | 348 | 34.8 |
| **Andy Butel** | 3 | 0 | 96 | 32 |
| **Ben Coffer** | 1 | 0 | 31 | 31 |
| **Andrew Gallagher** | 6 | 1 | 134 | 26.8 |
| **Richard Earney** | 10 | 0 | 261 | 26.1 |
| **Chris Martin** | 1 | 0 | 25 | 25 |
| **Patrick Wigg** | 8 | 4 | 87 | 21.75 |
| **Harry Ingham** | 6 | 2 | 87 | 21.75 |
| **Tom Rutherford** | 6 | 1 | 101 | 20.2 |
| **Gordon Daley** | 1 | 0 | 18 | 18 |
| **Jim Grant** | 8 | 4 | 66 | 16.5 |
| **Edward Garland** | 3 | 2 | 16 | 16 |
| **Simon Barrowcliff** | 2 | 0 | 30 | 15 |
| **Ted Ingham** | 10 | 0 | 118 | 11.8 |
| **Jerry Wright** | 8 | 4 | 42 | 10.50 |
| **Nick Havers** | 1 | 0 | 10 | 10 |
| **John Purefoy** | 1 | 0 | 10 | 10 |
| **Ian Marshall** | 2 | 0 | 20 | 10 |
| **John Coyne** | 1 | 0 | 9 | 9 |
| **Richard Coyle** | 2 | 0 | 17 | 8.5 |
| **Campbell Garland** | 2 | 1 | 7 | 7 |
| **Leo Gallagher** | 1 | 0 | 5 | 5 |
| **Philip Beswick** | 4 | 0 | 15 | 3.75 |
| **William Calvert** | 7 | 0 | 25 | 3.57 |
| **Corin Gallagher** | 2 | 0 | 4 | 2 |
| **Matt Cook** | 1 | 0 | 0 | 0 |
| **F Clarke** | 1 | 0 | 0 | 0 |
| **Sian Amin** | 1 | 0 | 0 | 0 |
| **Alex Ridgers** | 1 | 1 | 7 | ? |
| **Dan Prior** | 1 | 1 | 4 | ? |
| **Christopher Wright** | 1 | 1 | 0 | ? |
| **Wahid Khan** | 1 | 1 | 7 | ? |

## Career Batting

| Player | Mat | Inns | No | Runs | Ave |
|:---|:---|:---|:---|:---|:---|
| **Richard Earney** | 302 | 294 | 25 | 7882 | 29.30 |
| **Richard Beswick** | 420 | 376 | 62 | 6767 | 21.55 |
| **Jim Grant** | 348 | 297 | 37 | 4355 | 16.75 |
| **William Calvert** | 278 | 254 | 31 | 3507 | 15.73 |
| **Andrew Gallagher** | 115 | 109 | 7 | 2567 | 25.17 |
| **Steven Hornsby** | 78 | 74 | 10 | 2495 | 38.98 |
| **Ian Marshall** | 183 | 140 | 25 | 2427 | 21.10 |
| **Simon Barrowcliff** | 83 | 80 | 6 | 1839 | 24.85 |
| **Mohit Gupta** | 56 | 53 | 9 | 1539 | 34.98 |
| **Edward Garland** | 193 | 132 | 35 | 1367 | 14.09 |
| **Martin Goff** | 42 | 42 | 3 | 1195 | 30.64 |
| **Tom Rutherford** | 63 | 58 | 6 | 1080 | 20.77 |
| **Andrew Slight** | 113 | 94 | 9 | 939 | 11.05 |
| **Patrick Wigg** | 96 | 73 | 23 | 907 | 18.14 |
| **Jerry Wright** | 339 | 165 | 65 | 896 | 8.96 |
| **Harry Ingham** | 60 | 51 | 14 | 809 | 21.86 |
| **David Swann** | 21 | 20 | 5 | 755 | 50.33 |
| **Pete Grant** | 105 | 94 | 13 | 698 | 8.62 |
| **Phil Bentley** | 19 | 18 | 2 | 683 | 42.69 |
| **Martin Breddy** | 16 | 16 | 0 | 650 | 40.63 |
| **Richard Kitson** | 35 | 35 | 5 | 649 | 21.63 |
| **Mark Gardiner** | 100 | 83 | 16 | 618 | 9.22 |
| **Will Wright** | 24 | 23 | 2 | 579 | 27.57 |
| **James Hylton** | 9 | 8 | 2 | 542 | 90.33 |
| **Andrew MacFarlane** | 34 | 30 | 0 | 530 | 17.67 |
| **Mark Taylor** | 15 | 15 | 2 | 495 | 38.08 |
| **David Young** | 91 | 67 | 18 | 493 | 10.06 |
| **Tony Purves** | 18 | 16 | 5 | 459 | 41.73 |
| **Alf Beswick** | 33 | 27 | 5 | 457 | 20.77 |
| **Mark Petre** | 27 | 27 | 3 | 437 | 18.21 |
| **Ray Damaze** | 14 | 14 | 2 | 426 | 35.50 |
| **Alan Sylvester** | 57 | 35 | 16 | 380 | 20.00 |
| **Stuart Watson** | 14 | 14 | 4 | 370 | 37.00 |
| **Richard Green** | 34 | 25 | 5 | 359 | 17.95 |
| **Mark Kirwan** | 41 | 28 | 5 | 356 | 15.48 |
| **Tim Hammond** | 10 | 10 | 2 | 343 | 42.88 |
| **William Chapman** | 25 | 24 | 3 | 341 | 16.24 |
| **Andrew Fielding** | 39 | 35 | 2 | 340 | 10.30 |
| **Richard Coyle** | 67 | 59 | 14 | 338 | 7.51 |
| **Richard Olver** | 45 | 30 | 14 | 287 | 17.94 |
| **John Packenham-Walsh** | 11 | 9 | 2 | 261 | 37.29 |
| **John Stimpfig** | 28 | 21 | 3 | 250 | 13.89 |
| **James Booth** | 9 | 9 | 1 | 235 | 29.38 |
| **Tim Horsey** | 44 | 40 | 9 | 228 | 7.35 |
| **Ted Ingham** | 22 | 21 | 2 | 220 | 11.58 |
| **Toby Carden** | 19 | 14 | 2 | 215 | 17.92 |

## Career Batting (by Ave)

| Player | Mat | Inns | No | Runs | Ave |
|:---|:---|:---|:---|:---|:---|
| **James Hylton** | 9 | 8 | 2 | 542 | 90.33 |
| **David Swann** | 21 | 20 | 5 | 755 | 50.33 |
| **Tim Hammond** | 10 | 10 | 2 | 343 | 42.88 |
| **Phil Bentley** | 19 | 18 | 2 | 683 | 42.69 |
| **Tony Purves** | 18 | 16 | 5 | 459 | 41.73 |
| **Martin Breddy** | 16 | 16 | 0 | 650 | 40.63 |
| **Steven Hornsby** | 78 | 74 | 10 | 2495 | 38.98 |
| **Mark Taylor** | 15 | 15 | 2 | 495 | 38.08 |
| **John Packenham-Walsh** | 11 | 9 | 2 | 261 | 37.29 |
| **Stuart Watson** | 14 | 14 | 4 | 370 | 37.00 |
| **Ray Damaze** | 14 | 14 | 2 | 426 | 35.50 |
| **Mohit Gupta** | 56 | 53 | 9 | 1539 | 34.98 |
| **Martin Goff** | 42 | 42 | 3 | 1195 | 30.64 |
| **James Booth** | 9 | 9 | 1 | 235 | 29.38 |
| **Richard Earney** | 302 | 294 | 25 | 7882 | 29.30 |
| **Will Wright** | 24 | 23 | 2 | 579 | 27.57 |
| **Andrew Gallagher** | 115 | 109 | 7 | 2567 | 25.17 |
| **Simon Barrowcliff** | 83 | 80 | 6 | 1839 | 24.85 |
| **Harry Ingham** | 60 | 51 | 14 | 809 | 21.86 |
| **Richard Kitson** | 35 | 35 | 5 | 649 | 21.63 |
| **Richard Beswick** | 420 | 376 | 62 | 6767 | 21.55 |
| **Ian Marshall** | 183 | 140 | 25 | 2427 | 21.10 |
| **Alf Beswick** | 33 | 27 | 5 | 457 | 20.77 |
| **Tom Rutherford** | 63 | 58 | 6 | 1080 | 20.77 |
| **Alan Sylvester** | 57 | 35 | 16 | 380 | 20.00 |
| **Mark Petre** | 27 | 27 | 3 | 437 | 18.21 |
| **Patrick Wigg** | 96 | 73 | 23 | 907 | 18.14 |
| **Richard Green** | 34 | 25 | 5 | 359 | 17.95 |
| **Richard Olver** | 45 | 30 | 14 | 287 | 17.94 |
| **Toby Carden** | 19 | 14 | 2 | 215 | 17.92 |
| **Andrew MacFarlane** | 34 | 30 | 0 | 530 | 17.67 |
| **Jim Grant** | 348 | 297 | 37 | 4355 | 16.75 |
| **William Chapman** | 25 | 24 | 3 | 341 | 16.24 |
| **William Calvert** | 278 | 254 | 31 | 3507 | 15.73 |
| **Mark Kirwan** | 41 | 28 | 5 | 356 | 15.48 |
| **Edward Garland** | 193 | 132 | 35 | 1367 | 14.09 |
| **John Stimpfig** | 28 | 21 | 3 | 250 | 13.89 |
| **Ted Ingham** | 22 | 21 | 2 | 220 | 11.58 |
| **Andrew Slight** | 113 | 94 | 9 | 939 | 11.05 |
| **Andrew Fielding** | 39 | 35 | 2 | 340 | 10.30 |
| **David Young** | 91 | 67 | 18 | 493 | 10.06 |
| **Mark Gardiner** | 100 | 83 | 16 | 618 | 9.22 |
| **Jerry Wright** | 339 | 165 | 65 | 896 | 8.96 |
| **Pete Grant** | 105 | 94 | 13 | 698 | 8.62 |
| **Richard Coyle** | 67 | 59 | 14 | 338 | 7.51 |
| **Tim Horsey** | 44 | 40 | 9 | 228 | 7.35 |

## Season Bowling

| Player | O | M | Runs | Wkts | Ave | SR |
|:--|:--|:--|:--|:--|:--|
| **Jerry Wright** | 75 | 2 | 331 | 18 | 18.39 | 25 |
| **Richard Beswick** | 49.6 | 4 | 216 | 16 | 13.5 | 18.6 |
| **Patrick Wigg** | 78 | 19 | 229 | 14 | 16.36 | 33.43 |
| **Harry Ingham** | 45.3 | 12 | 160 | 9 | 17.78 | 30.2 |
| **Philip Beswick** | 46 | 3 | 237 | 7 | 33.86 | 39.43 |
| **Richard Earney** | 34.3 | 5 | 148 | 6 | 24.67 | 34.3 |
| **Mohit Gupta** | 27 | 5 | 117 | 6 | 19.5 | 27 |
| **Andrew Gallagher** | 32 | 1 | 220 | 5 | 44 | 38.4 |
| **Edward Garland** | 22 | 5 | 79 | 5 | 15.8 | 26.4 |
| **Chris Martin** | 8 | 5 | 7 | 3 | 2.33 | 16 |
| **Tom Rutherford** | 12 | 1 | 81 | 3 | 27 | 24 |
| **Ian Marshall** | 16 | 10 | 26 | 3 | 8.67 | 32 |
| **Campbell Garland** | 17 | 2 | 59 | 2 | 29.5 | 51 |
| **Christopher Wright** | 4 | 0 | 24 | 2 | 12 | 12 |
| **Simon Barrowcliff** | .2 | 0 | 2 | 1 | 2 | 1.2 |
| **Ted Ingham** | 7 | 0 | 43 | 1 | 43 | 42 |
| **Nick Havers** | 8 | 2 | 18 | 1 | 18 | 48 |
| **Andy Butel** | 2.3 | 0 | 4 | 1 | 4 | 13.8 |
| **Corin Gallagher** | 4 | 1 | 13 | 1 | 13 | 24 |

## Season Bowling (by ave)

| Player | O | M | Runs | Wkts | Ave | SR |
|:--|:--|:--|:--|:--|:--|
| **Simon Barrowcliff** | .2 | 0 | 2 | 1 | 2 | 1.2 |
| **Chris Martin** | 8 | 5 | 7 | 3 | 2.33 | 16 |
| **Andy Butel** | 2.3 | 0 | 4 | 1 | 4 | 13.8 |
| **Ian Marshall** | 16 | 10 | 26 | 3 | 8.67 | 32 |
| **Christopher Wright** | 4 | 0 | 24 | 2 | 12 | 12 |
| **Corin Gallagher** | 4 | 1 | 13 | 1 | 13 | 24 |
| **Richard Beswick** | 49.6 | 4 | 216 | 16 | 13.5 | 18.6 |
| **Edward Garland** | 22 | 5 | 79 | 5 | 15.8 | 26.4 |
| **Patrick Wigg** | 78 | 19 | 229 | 14 | 16.36 | 33.43 |
| **Harry Ingham** | 45.3 | 12 | 160 | 9 | 17.78 | 30.2 |
| **Nick Havers** | 8 | 2 | 18 | 1 | 18 | 48 |
| **Jerry Wright** | 75 | 2 | 331 | 18 | 18.39 | 25 |
| **Mohit Gupta** | 27 | 5 | 117 | 6 | 19.5 | 27 |
| **Richard Earney** | 34.3 | 5 | 148 | 6 | 24.67 | 34.3 |
| **Tom Rutherford** | 12 | 1 | 81 | 3 | 27 | 24 |
| **Campbell Garland** | 17 | 2 | 59 | 2 | 29.5 | 51 |
| **Philip Beswick** | 46 | 3 | 237 | 7 | 33.86 | 39.43 |
| **Ted Ingham** | 7 | 0 | 43 | 1 | 43 | 42 |
| **Andrew Gallagher** | 32 | 1 | 220 | 5 | 44 | 38.4 |

## Career Bowling

| Player | Mat | O | M | R | W | Ave | SR |
|:---|:---|:---|:---|:---|:---|:---|
| **Jerry Wright** | 339 | 2571 | 343 | 9590 | 489 | 19.61 | 31.55 |
| **Richard Beswick** | 420 | 1951.2 | 343 | 6947 | 381 | 18.23 | 30.73 |
| **Ian Marshall** | 183 | 1587.3 | 391 | 4725 | 260 | 18.17 | 36.63 |
| **Edward Garland** | 193 | 869.1 | 77 | 3965 | 224 | 17.70 | 23.28 |
| **Richard Earney** | 302 | 971.3 | 97 | 4561 | 197 | 23.15 | 29.59 |
| **William Calvert** | 278 | 649.3 | 86 | 2944 | 145 | 20.30 | 26.88 |
| **Patrick Wigg** | 96 | 785 | 121 | 2648 | 128 | 20.69 | 36.80 |
| **Harry Ingham** | 60 | 535.4 | 100 | 1707 | 86 | 19.85 | 37.37 |
| **Alan Sylvester** | 57 | 373.1 | 66 | 1402 | 74 | 18.95 | 30.26 |
| **Andrew MacFarlane** | 34 | 329 | 70 | 1041 | 68 | 15.31 | 29.03 |
| **Mark Kirwan** | 41 | 334.3 | 60 | 1111 | 68 | 16.34 | 29.51 |
| **Richard Green** | 34 | 268.4 | 27 | 1048 | 63 | 16.63 | 25.59 |
| **Mohit Gupta** | 56 | 340.3 | 36 | 1293 | 59 | 21.92 | 34.63 |
| **Paul O'Mahony** | 52 | 366.2 | 49 | 1445 | 57 | 25.35 | 38.56 |
| **Richard Olver** | 45 | 298 | 69 | 931 | 49 | 19.00 | 36.49 |
| **Graeme Wright** | 49 | 332 | 56 | 1101 | 47 | 23.43 | 42.38 |
| **Tom Rutherford** | 63 | 304 | 31 | 1260 | 47 | 26.81 | 38.81 |
| **Andrew Gallagher** | 115 | 175.3 | 12 | 985 | 44 | 22.39 | 23.93 |
| **Gareth Powell** | 43 | 316.3 | 50 | 1169 | 44 | 26.57 | 43.16 |
| **Steven Hornsby** | 78 | 179.4 | 14 | 890 | 40 | 22.25 | 26.95 |
| **Tony Purves** | 18 | 112.2 | 14 | 488 | 36 | 13.56 | 18.72 |
| **Steve Masterson** | 23 | 204.1 | 37 | 718 | 35 | 20.51 | 35.00 |
| **Mark Gardiner** | 100 | 139.5 | 11 | 603 | 33 | 18.27 | 25.42 |
| **Phil Bentley** | 19 | 166.3 | 30 | 518 | 31 | 16.71 | 32.23 |
| **Andrew Slight** | 113 | 84.4 | 2 | 469 | 27 | 17.37 | 18.81 |
| **Mark Taylor** | 15 | 102 | 25 | 319 | 22 | 14.50 | 27.82 |
| **Philip Beswick** | 38 | 96.2 | 5 | 521 | 21 | 24.81 | 27.52 |

## Career Bowling (by ave)

| Player | Mat | O | M | R | W | Ave | SR |
|:---|:---|:---|:---|:---|:---|:---|
| **Tony Purves** | 18 | 112.2 | 14 | 488 | 36 | 13.56 | 18.72 |
| **Mark Taylor** | 15 | 102 | 25 | 319 | 22 | 14.50 | 27.82 |
| **Andrew MacFarlane** | 34 | 329 | 70 | 1041 | 68 | 15.31 | 29.03 |
| **Mark Kirwan** | 41 | 334.3 | 60 | 1111 | 68 | 16.34 | 29.51 |
| **Richard Green** | 34 | 268.4 | 27 | 1048 | 63 | 16.63 | 25.59 |
| **Phil Bentley** | 19 | 166.3 | 30 | 518 | 31 | 16.71 | 32.23 |
| **Andrew Slight** | 113 | 84.4 | 2 | 469 | 27 | 17.37 | 18.81 |
| **Edward Garland** | 193 | 869.1 | 77 | 3965 | 224 | 17.70 | 23.28 |
| **Ian Marshall** | 183 | 1587.3 | 391 | 4725 | 260 | 18.17 | 36.63 |
| **Richard Beswick** | 420 | 1951.2 | 343 | 6947 | 381 | 18.23 | 30.73 |
| **Mark Gardiner** | 100 | 139.5 | 11 | 603 | 33 | 18.27 | 25.42 |
| **Alan Sylvester** | 57 | 373.1 | 66 | 1402 | 74 | 18.95 | 30.26 |
| **Richard Olver** | 45 | 298 | 69 | 931 | 49 | 19.00 | 36.49 |
| **Jerry Wright** | 339 | 2571 | 343 | 9590 | 489 | 19.61 | 31.55 |
| **Harry Ingham** | 60 | 535.4 | 100 | 1707 | 86 | 19.85 | 37.37 |
| **William Calvert** | 278 | 649.3 | 86 | 2944 | 145 | 20.30 | 26.88 |
| **Steve Masterson** | 23 | 204.1 | 37 | 718 | 35 | 20.51 | 35.00 |
| **Patrick Wigg** | 96 | 785 | 121 | 2648 | 128 | 20.69 | 36.80 |
| **Mohit Gupta** | 56 | 340.3 | 36 | 1293 | 59 | 21.92 | 34.63 |
| **Steven Hornsby** | 78 | 179.4 | 14 | 890 | 40 | 22.25 | 26.95 |
| **Andrew Gallagher** | 115 | 175.3 | 12 | 985 | 44 | 22.39 | 23.93 |
| **Richard Earney** | 302 | 971.3 | 97 | 4561 | 197 | 23.15 | 29.59 |
| **Graeme Wright** | 49 | 332 | 56 | 1101 | 47 | 23.43 | 42.38 |
| **Philip Beswick** | 38 | 96.2 | 5 | 521 | 21 | 24.81 | 27.52 |
| **Paul O'Mahony** | 52 | 366.2 | 49 | 1445 | 57 | 25.35 | 38.56 |
| **Gareth Powell** | 43 | 316.3 | 50 | 1169 | 44 | 26.57 | 43.16 |
| **Tom Rutherford** | 63 | 304 | 31 | 1260 | 47 | 26.81 | 38.81 |

