---
layout: default
title: 2015 Statistics
nav_order: 27
parent: Statistics
---

# {{page.title}}

(Career Qualification 200 runs; 20 wkts)

<details open markdown="block">
  {: .text-delta }
1. TOC
{:toc}
</details>

## Season Batting

| Player | Inns | No | Runs | Ave |
|:--|:--|:--|:--|:--|
| **Richard Earney** | 13 | 2 | 458 | 41.64 |
| **Richard Beswick** | 13 | 1 | 411 | 34.25 |
| **Ray Damaze** | 10 | 1 | 224 | 24.89 |
| **Steven Hornsby** | 4 | 1 | 141 | 47 |
| **Alf Beswick** | 8 | 0 | 127 | 15.88 |
| **Mohit Gupta** | 7 | 2 | 107 | 21.4 |
| **Syeed Habib** | 3 | 1 | 105 | 52.5 |
| **Patrick Wigg** | 7 | 2 | 79 | 15.8 |
| **Simon Barrowcliff** | 3 | 0 | 50 | 16.67 |
| **Harry Ingham** | 5 | 1 | 46 | 11.5 |
| **Siam Amin** | 3 | 1 | 45 | 22.5 |
| **Jim Grant** | 5 | 0 | 39 | 7.8 |
| **Iqbal Miah** | 2 | 2 | 38 | - |
| **William Calvert** | 5 | 1 | 34 | 8.5 |
| **Edward Garland** | 7 | 4 | 33 | 11 |
| **Andrew Gallagher** | 3 | 0 | 31 | 10.33 |
| **Louis Masterson** | 2 | 0 | 30 | 15 |
| **Paddy Free** | 1 | 0 | 30 | 30 |
| **Jack Stacey** | 1 | 0 | 29 | 29 |
| **Edmund Ingham** | 5 | 0 | 20 | 4 |
| **Jerry Wright** | 4 | 0 | 18 | 4.5 |
| **David Wigg** | 1 | 1 | 15 | - |
| **Steve Masterson** | 1 | 0 | 13 | 13 |
| **Richard Coyle** | 3 | 2 | 10 | 10 |
| **David Brookfield** | 1 | 0 | 10 | 10 |
| **Richard Kitson** | 1 | 0 | 10 | 10 |
| **Wahid Khan** | 1 | 1 | 9 | - |
| **Christopher Wright** | 2 | 1 | 6 | 6 |
| **Chris Martin** | 1 | 0 | 3 | 3 |
| **Philip Beswick** | 1 | 0 | 2 | 2 |
| **Rafique Ahmed** | 1 | 0 | 1 | 1 |
| **Mark Kirwan** | 1 | 1 | 1 | - |
| **Louis Barrowcliff** | 1 | 0 | 0 | 0 |
| **Marcus Elwin** | 1 | 0 | 0 | 0 |
| **Gordon Daley** | 0 | 0 | 0 | - |
| **Josh Braithwaite** | 0 | 0 | 0 | - |
| **Alex Ridgers** | 0 | 0 | 0 | - |
| **Ali Mamua** | 0 | 0 | 0 | - |
| **Umar Malik** | 0 | 0 | 0 | - |
| **Ian Marshall** | 0 | 0 | 0 | - |

## Season Batting (by ave)

| Player | Inns | No | Runs | Ave |
|:--|:--|:--|:--|:--|
| **Syeed Habib** | 3 | 1 | 105 | 52.5 |
| **Steven Hornsby** | 4 | 1 | 141 | 47 |
| **Richard Earney** | 13 | 2 | 458 | 41.64 |
| **Richard Beswick** | 13 | 1 | 411 | 34.25 |
| **Paddy Free** | 1 | 0 | 30 | 30 |
| **Jack Stacey** | 1 | 0 | 29 | 29 |
| **Ray Damaze** | 10 | 1 | 224 | 24.89 |
| **Siam Amin** | 3 | 1 | 45 | 22.5 |
| **Mohit Gupta** | 7 | 2 | 107 | 21.4 |
| **Simon Barrowcliff** | 3 | 0 | 50 | 16.67 |
| **Alf Beswick** | 8 | 0 | 127 | 15.88 |
| **Patrick Wigg** | 7 | 2 | 79 | 15.8 |
| **Louis Masterson** | 2 | 0 | 30 | 15 |
| **Steve Masterson** | 1 | 0 | 13 | 13 |
| **Harry Ingham** | 5 | 1 | 46 | 11.5 |
| **Edward Garland** | 7 | 4 | 33 | 11 |
| **Andrew Gallaghe** | 3 | 0 | 31 | 10.33 |
| **Richard Coyle** | 3 | 2 | 10 | 10 |
| **David Brookfield** | 1 | 0 | 10 | 10 |
| **Richard Kitson** | 1 | 0 | 10 | 10 |
| **William Calvert** | 5 | 1 | 34 | 8.5 |
| **Jim Grant** | 5 | 0 | 39 | 7.8 |
| **Christopher Wright** | 2 | 1 | 6 | 6 |
| **Jerry Wright** | 4 | 0 | 18 | 4.5 |
| **Edmund Ingham** | 5 | 0 | 20 | 4 |
| **Chris Martin** | 1 | 0 | 3 | 3 |
| **Philip Beswick** | 1 | 0 | 2 | 2 |
| **Rafique Ahmed** | 1 | 0 | 1 | 1 |
| **Louis Barrowcliff** | 1 | 0 | 0 | 0 |
| **Marcus Elwin** | 1 | 0 | 0 | 0 |
| **Iqbal Miah** | 2 | 2 | 38 | - |
| **Gordon Daley** | 0 | 0 | 0 | - |
| **Josh Braithwaite** | 0 | 0 | 0 | - |
| **Alex Ridgers** | 0 | 0 | 0 | - |
| **Mark Kirwan** | 1 | 1 | 1 | - |
| **David Wigg** | 1 | 1 | 15 | - |
| **Ali Mamua** | 0 | 0 | 0 | - |
| **Umar Malik** | 0 | 0 | 0 | - |
| **Ian Marshall** | 0 | 0 | 0 | - |
| **Wahid Khan** | 1 | 1 | 9 | - |

## Season Bowling

| Player | O | M | Runs | Wkts | Ave | SR |
|:--|:--|:--|:--|:--|:--|
| **Richard Beswick** | 62 | 89 | 214 | 20 | 10.7 | 18.6 |
| **Patrick Wigg** | 96 | 18 | 267 | 15 | 17.8 | 38.4 |
| **Iqbal Miah** | 49 | 3 | 261 | 13 | 20.08 | 22.62 |
| **Jerry Wright** | 49 | 1 | 319 | 11 | 29 | 26.73 |
| **Edward Garland** | 52.5 | 4 | 282 | 9 | 31.33 | 35 |
| **Harry Ingham** | 37 | 8 | 135 | 8 | 16.88 | 27.75 |
| **Mohit Gupta** | 36 | 5 | 115 | 6 | 19.17 | 36 |
| **Siam Amin** | 32 | 1 | 150 | 4 | 37.5 | 48 |
| **Syeed Habib** | 17 | 6 | 25 | 3 | 8.33 | 34 |
| **Alf Beswick** | 8 | 1 | 55 | 3 | 18.33 | 16 |
| **Edmund Ingham** | 9 | 0 | 48 | 2 | 24 | 27 |
| **Ian Marshall** | 6 | 3 | 8 | 2 | 4 | 18 |
| **Wahid Khan** | 7 | 1 | 23 | 2 | 11.5 | 21 |
| **Philip Beswick** | 7.3 | 0 | 33 | 1 | 33 | 43.8 |
| **Marcus Elwin** | 17 | 5 | 68 | 1 | 68 | 102 |
| **Steve Masterson** | 13 | 9 | 14 | 1 | 14 | 78 |
| **Mark Kirwan** | 5 | 0 | 22 | 1 | 22 | 30 |
| **Ali Mamua** | 5 | 0 | 34 | 1 | 34 | 30 |
| **Steven Hornsby** | 3 | 0 | 8 | 0 | - | - |
| **Richard Earney** | 2 | 0 | 4 | 0 | - | - |
| **Ray Damaze** | 2 | 0 | 32 | 0 | - | - |
| **Chris Martin** | 8 | 1 | 23 | 0 | - | - |
| **Louis Masterson** | 5 | 0 | 22 | 0 | - | - |
| **Christopher Wright** | 8 | 0 | 49 | 0 | - | - |

## Season Bowling (by ave)

| Player | O | M | Runs | Wkts | Ave | SR |
|:--|:--|:--|:--|:--|:--|
| **Ian Marshall** | 6 | 3 | 8 | 2 | 4 | 18 |
| **Syeed Habib** | 17 | 6 | 25 | 3 | 8.33 | 34 |
| **Richard Beswick** | 62 | 89 | 214 | 20 | 10.7 | 18.6 |
| **Wahid Khan** | 7 | 1 | 23 | 2 | 11.5 | 21 |
| **Steve Masterson** | 13 | 9 | 14 | 1 | 14 | 78 |
| **Harry Ingham** | 37 | 8 | 135 | 8 | 16.88 | 27.75 |
| **Patrick Wigg** | 96 | 18 | 267 | 15 | 17.8 | 38.4 |
| **Alf Beswick** | 8 | 1 | 55 | 3 | 18.33 | 16 |
| **Mohit Gupta** | 36 | 5 | 115 | 6 | 19.17 | 36 |
| **Iqbal Miah** | 49 | 3 | 261 | 13 | 20.08 | 22.62 |
| **Mark Kirwan** | 5 | 0 | 22 | 1 | 22 | 30 |
| **Edmund Ingham** | 9 | 0 | 48 | 2 | 24 | 27 |
| **Jerry Wright** | 49 | 1 | 319 | 11 | 29 | 26.73 |
| **Edward Garland** | 52.5 | 4 | 282 | 9 | 31.33 | 35 |
| **Philip Beswick** | 7.3 | 0 | 33 | 1 | 33 | 43.8 |
| **Ali Mamua** | 5 | 0 | 34 | 1 | 34 | 30 |
| **Siam Amin** | 32 | 1 | 150 | 4 | 37.5 | 48 |
| **Marcus Elwin** | 17 | 5 | 68 | 1 | 68 | 102 |

