---
layout: default
title: 2016 Statistics
nav_order: 26
parent: Statistics
---

# {{page.title}}

(Career Qualification 200 runs; 20 wkts)

<details open markdown="block">
  {: .text-delta }
1. TOC
{:toc}
</details>

## Season Batting

| Player | Inns | No | Runs | Ave |
|:--|:--|:--|:--|:--|
| **Richard Earney** | 11 | 1 | 259 | 25.9 |
| **Mohit Gupta** | 11 | 3 | 245 | 30.63 |
| **Richard Beswick** | 12 | 1 | 182 | 16.55 |
| **Simon Barrowcliff** | 4 | 0 | 160 | 40 |
| **Alf Beswick** | 3 | 0 | 110 | 36.67 |
| **Andrew Gallagher** | 5 | 2 | 103 | 34.33 |
| **Patrick Wigg** | 4 | 0 | 100 | 25 |
| **Syeed Habib** | 2 | 0 | 99 | 49.5 |
| **Sam Pitcher** | 2 | 0 | 85 | 42.5 |
| **Matt Bowerman** | 1 | 1 | 84 | ? |
| **William Calvert** | 5 | 1 | 73 | 18.25 |
| **Iqbal Miah** | 5 | 3 | 70 | 35 |
| **R Amboukan** | 2 | 0 | 68 | 34 |
| **Ray Damaze** | 7 | 0 | 60 | 8.57 |
| **Harry Ingham** | 2 | 1 | 60 | 60 |
| **David Brookfield** | 1 | 1 | 51 | ? |
| **Ned Garland** | 4 | 1 | 35 | 11.67 |
| **Saif Mohammed** | 3 | 1 | 33 | 16.5 |
| **Siam Amin** | 2 | 1 | 28 | 28 |
| **Ian Marshall** | 2 | 1 | 22 | 22 |
| **Richard Coyle** | 1 | 0 | 21 | 21 |
| **Jim Grant** | 6 | 2 | 8 | 2 |
| **M Griffiths** | 1 | 0 | 8 | 8 |
| **Jerry Wright** | 3 | 1 | 4 | 2 |
| **Marcus Elwin** | 1 | 0 | 4 | 4 |
| **Kit Gallagher** | 1 | 0 | 1 | 1 |
| **A Asmal** | 1 | 0 | 0 | 0 |
| **Philip Beswick** | 0 | 0 | 0 | - |
| **Christopher Wright** | 2 | 1 | 0 | 0 |
| **A Molui** | 0 | 0 | 0 | - |

## Season Batting (by ave)

| Player | Inns | No | Runs | Ave |
|:--|:--|:--|:--|:--|
| **Harry Ingham** | 2 | 1 | 60 | 60 |
| **Syeed Habib** | 2 | 0 | 99 | 49.5 |
| **Sam Pitcher** | 2 | 0 | 85 | 42.5 |
| **Simon Barrowcliff** | 4 | 0 | 160 | 40 |
| **Alf Beswick** | 3 | 0 | 110 | 36.67 |
| **Iqbal Miah** | 5 | 3 | 70 | 35 |
| **Andrew Gallagher** | 5 | 2 | 103 | 34.33 |
| **R Amboukan** | 2 | 0 | 68 | 34 |
| **Mohit Gupta** | 11 | 3 | 245 | 30.63 |
| **Siam Amin** | 2 | 1 | 28 | 28 |
| **Richard Earney** | 11 | 1 | 259 | 25.9 |
| **Patrick Wigg** | 4 | 0 | 100 | 25 |
| **Ian Marshall** | 2 | 1 | 22 | 22 |
| **Richard Coyle** | 1 | 0 | 21 | 21 |
| **William Calvert** | 5 | 1 | 73 | 18.25 |
| **Richard Beswick** | 12 | 1 | 182 | 16.55 |
| **Saif Mohammed** | 3 | 1 | 33 | 16.5 |
| **Ned Garland** | 4 | 1 | 35 | 11.67 |
| **Ray Damaze** | 7 | 0 | 60 | 8.57 |
| **M Griffiths** | 1 | 0 | 8 | 8 |
| **Marcus Elwin** | 1 | 0 | 4 | 4 |
| **Jerry Wright** | 3 | 1 | 4 | 2 |
| **Jim Grant** | 6 | 2 | 8 | 2 |
| **Jerry Wright** | 3 | 1 | 4 | 2 |
| **Kit Gallagher** | 1 | 0 | 1 | 1 |
| **A Asmal** | 1 | 0 | 0 | 0 |
| **Christopher Wright** | 2 | 1 | 0 | 0 |
| **Matt Bowerman** | 1 | 1 | 84 | - |
| **David Brookfield** | 1 | 1 | 51 | - |
| **Philip Beswick** | 0 | 0 | 0 | - |
| **A Molui** | 0 | 0 | 0 | - |

## Season Bowling

| Player | O | M | Runs | Wkts | Ave | SR |
|:--|:--|:--|:--|:--|:--|
| **Jerry Wright** | 60.4 | 3 | 277 | 10 | 27.7 | 36.24 |
| **Mohit Gupta** | 53.2 | 7 | 276 | 9 | 30.67 | 35.47 |
| **Ned Garland** | 29 | 0 | 167 | 8 | 20.88 | 21.75 |
| **Richard Beswick** | 26.4 | 5 | 115 | 6 | 19.17 | 26.4 |
| **Iqbal Miah** | 27 | 3 | 117 | 4 | 29.25 | 40.5 |
| **Patrick Wigg** | 38 | 3 | 147 | 4 | 36.75 | 57 |
| **Philip Beswick** | 10 | 0 | 54 | 4 | 13.5 | 15 |
| **Saif Mohammed** | 28 | 6 | 100 | 3 | 33.33 | 56 |
| **Andrew Gallagher** | 6.4 | 0 | 17 | 3 | 5.67 | 12.8 |
| **Harry Ingham** | 11 | 2 | 42 | 3 | 14 | 22 |
| **R Amboukan** | 10 | 2 | 18 | 3 | 6 | 20 |
| **Sam Pitcher** | 9 | 0 | 33 | 2 | 16.5 | 27 |
| **Ian Marshall** | 16 | 3 | 73 | 2 | 36.5 | 48 |
| **A Asmal** | 5 | 1 | 8 | 2 | 4 | 15 |
| **A Molui** | 6 | 0 | 13 | 2 | 6.5 | 18 |
| **Richard Earney** | 7 | 0 | 52 | 1 | 52 | 42 |
| **Marcus Elwin** | 5 | 1 | 16 | 1 | 16 | 30 |
| **Christopher Wright** | 9 | 0 | 106 | 1 | 106 | 54 |
| **Alf Beswick** | 1.2 | 0 | 9 | 1 | 9 | 7.2 |
| **Kit Gallagher** | 11 | 0 | 59 | 1 | 59 | 66 |
| **Ray Damaze** | 2 | 2 | 0 | 0 | ? | ? |
| **Siam Amin** | 11 | 2 | 52 | 0 | ? | ? |
| **Syeed Habib** | 23 | 1 | 68 | 0 | ? | ? |
| **M Griffiths** | 3 | 0 | 21 | 0 | ? | ? |

## Season Bowling (by ave)

| Player | O | M | Runs | Wkts | Ave | SR |
|:--|:--|:--|:--|:--|:--|
| **A Asmal** | 5 | 1 | 8 | 2 | 4 | 15 |
| **Andrew Gallagher** | 6.4 | 0 | 17 | 3 | 5.67 | 12.8 |
| **R Amboukan** | 10 | 2 | 18 | 3 | 6 | 20 |
| **A Molui** | 6 | 0 | 13 | 2 | 6.5 | 18 |
| **Alf Beswick** | 1.2 | 0 | 9 | 1 | 9 | 7.2 |
| **Philip Beswick** | 10 | 0 | 54 | 4 | 13.5 | 15 |
| **Harry Ingham** | 11 | 2 | 42 | 3 | 14 | 22 |
| **Marcus Elwin** | 5 | 1 | 16 | 1 | 16 | 30 |
| **Sam Pitcher** | 9 | 0 | 33 | 2 | 16.5 | 27 |
| **Richard Beswick** | 26.4 | 5 | 115 | 6 | 19.17 | 26.4 |
| **Ned Garland** | 29 | 0 | 167 | 8 | 20.88 | 21.75 |
| **Jerry Wright** | 60.4 | 3 | 277 | 10 | 27.7 | 36.24 |
| **Iqbal Miah** | 27 | 3 | 117 | 4 | 29.25 | 40.5 |
| **Mohit Gupta** | 53.2 | 7 | 276 | 9 | 30.67 | 35.47 |
| **Saif Mohammed** | 28 | 6 | 100 | 3 | 33.33 | 56 |
| **Ian Marshall** | 16 | 3 | 73 | 2 | 36.5 | 48 |
| **Patrick Wigg** | 38 | 3 | 147 | 4 | 36.75 | 57 |
| **Richard Earney** | 7 | 0 | 52 | 1 | 52 | 42 |
| **Kit Gallagher** | 11 | 0 | 59 | 1 | 59 | 66 |
| **Christopher Wright** | 9 | 0 | 106 | 1 | 106 | 54 |

