---
layout: default
title: 2018 Statistics
nav_order: 24
parent: Statistics
---

# {{page.title}}

## Season Batting

| Player | Inns | NO | Runs | Ave |
|:---|:---|:---|:---|:---|
| **Simon Barrowcliff** | 4 | 0 | 156 | 39 |
| **Ray Damaze** | 6 | 0 | 144 | 24 |
| **Richard Earney** | 6 | 0 | 116 | 19.33 |
| **Richard Beswick** | 9 | 0 | 115 | 12.78 |
| **I Matvad** | 3 | 0 | 98 | 32.67 |
| **Alastair Dell** | 2 | 0 | 77 | 38.5 |
| **Patrick Wigg** | 4 | 1 | 73 | 24.33 |
| **Ian Marshall** | 2 | 2 | 69 | ? |
| **Iqbal Miah** | 5 | 1 | 68 | 17 |
| **Siam Amin** | 5 | 1 | 68 | 17 |
| **Ifty Muntakim** | 2 | 0 | 64 | 32 |
| **S Ahmed** | 1 | 0 | 50 | 50 |
| **Alastair Dell** | 1 | 0 | 49 | 49 |
| **Ned Garland** | 4 | 2 | 42 | 21 |
| **M Parvez** | 1 | 0 | 32 | 32 |
| **William Calvert** | 5 | 0 | 31 | 6.2 |
| **Altaf Ajmal** | 2 | 0 | 27 | 13.5 |
| **Andrew Gallagher** | 1 | 0 | 25 | 25 |
| **Steven Hornsby** | 2 | 0 | 24 | 12 |
| **Jim Grant** | 5 | 3 | 15 | 7.5 |
| **Jerry Wright** | 4 | 2 | 15 | 7.5 |
| **Kevin Reid** | 1 | 0 | 15 | 15 |
| **Marcus Elwin** | 1 | 0 | 12 | 12 |
| **Alf Beswick** | 2 | 0 | 21 | 10.5 |
| **Adbul** | 1 | 0 | 8 | 8 |
| **Phil Beswick** | 2 | 0 | 6 | 3.5 |
| **Ben Coffer** | 1 | 0 | 6 | 6 |
| **T Bedford** | 1 | 0 | 4 | 4 |
| **J Pritchard** | 1 | 0 | 1 | 1 |
| **Christopher Wright** | 0 | 0 | 0 | ? |
| **Johnstone** | 1 | 0 | 0 | 0 |
| **Janette Earney** | 0 | 0 | 0 | ? |
| **Sandy Noble** | 1 | 1 | 0 | ? |
| **John Purefoy** | 0 | 0 | 0 | ? |

## Season Batting (by ave)

| Player | Inns | NO | Runs | Ave |
|:---|:---|:---|:---|:---|
| **S Ahmed** | 1 | 0 | 50 | 50 |
| **Alastair Dell** | 1 | 0 | 49 | 49 |
| **Simon Barrowcliff** | 4 | 0 | 156 | 39 |
| **Alastair Dell** | 2 | 0 | 77 | 38.5 |
| **I Matvad** | 3 | 0 | 98 | 32.67 |
| **Ifty Muntakim** | 2 | 0 | 64 | 32 |
| **M Parvez** | 1 | 0 | 32 | 32 |
| **Andrew Gallagher** | 1 | 0 | 25 | 25 |
| **Patrick Wigg** | 4 | 1 | 73 | 24.33 |
| **Ray Damaze** | 6 | 0 | 144 | 24 |
| **Ned Garland** | 4 | 2 | 42 | 21 |
| **Richard Earney** | 6 | 0 | 116 | 19.33 |
| **Iqbal Miah** | 5 | 1 | 68 | 17 |
| **Siam Amin** | 5 | 1 | 68 | 17 |
| **Kevin Reid** | 1 | 0 | 15 | 15 |
| **Altaf Ajmal** | 2 | 0 | 27 | 13.5 |
| **Richard Beswick** | 9 | 0 | 115 | 12.78 |
| **Steven Hornsby** | 2 | 0 | 24 | 12 |
| **Marcus Elwin** | 1 | 0 | 12 | 12 |
| **Adbul** | 1 | 0 | 8 | 8 |
| **Jim Grant** | 5 | 3 | 15 | 7.5 |
| **Jerry Wright** | 4 | 2 | 15 | 7.5 |
| **William Calvert** | 5 | 0 | 31 | 6.2 |
| **Ben Coffer** | 1 | 0 | 6 | 6 |
| **T Bedford** | 1 | 0 | 4 | 4 |
| **Phil Beswick** | 2 | 0 | 6 | 3.5 |
| **J Pritchard** | 1 | 0 | 1 | 1 |
| **Johnstone** | 1 | 0 | 0 | 0 |
| **Christopher Wright** | 0 | 0 | 0 | ? |
| **Ian Marshall** | 2 | 2 | 69 | ? |
| **Janette Earney** | 0 | 0 | 0 | ? |
| **Sandy Noble** | 1 | 1 | 0 | ? |
| **John Purefoy** | 0 | 0 | 0 | ? |

## Season Bowling

| Player | O | M | R | W | Ave | SR |
|:---|:---|:---|:---|:---|:---|:---|
| **Phil Beswick** | 6 | 1 | 23 | 7 | 3.29 | 5.14 |
| **Richard Earney** | 24.2 | 3 | 117 | 7 | 16.71 | 20.74 |
| **Ishmael Matvad** | 17.3 | 1 | 102 | 7 | 14.57 | 14.83 |
| **Richard Beswick** | 40.5 | 2 | 198 | 5 | 39.6 | 48.6 |
| **Ned Garland** | 23.4 | 2 | 136 | 5 | 27.2 | 28.08 |
| **Patrick Wigg** | 31 | 3 | 143 | 4 | 35.75 | 46.5 |
| **Jerry Wright** | 38 | 0 | 231 | 4 | 57.75 | 57 |
| **Ifty Muntakim** | 14 | 1 | 65 | 4 | 16.25 | 21 |
| **Siam Amin** | 26 | 1 | 92 | 3 | 30.67 | 52 |
| **Iqbal Miah** | 26 | 5 | 116 | 2 | 58 | 78 |
| **Christopher Wright** | 4 | 0 | 35 | 2 | 17.5 | 12 |
| **Ray Damaze** | 2 | 0 | 6 | 1 | 6 | 12 |
| **Altaf Ajmal** | 12 | 0 | 62 | 1 | 62 | 72 |
| **Ian Marshall** | 11 | 1 | 48 | 1 | 48 | 66 |
| **Alastair Dell** | 14 | 0 | 85 | 1 | 85 | 84 |
| **Sandy Noble** | 1 | 0 | 4 | 1 | 4 | 6 |
| **Marcus Elwin** | 4 | 1 | 14 | 1 | 14 | 24 |
| **M Parvez** | 6 | 0 | 29 | 1 | 29 | 36 |
| **Adbul** | 5 | 0 | 6 | 1 | 6 | 30 |
| **Alastair Dell** | 8 | 0 | 56 | 0 | ? | ? |
| **Ben Coffer** | 2 | 0 | 19 | 0 | ? | ? |
| **Johnstone** | 5 | 0 | 45 | 0 | ? | ? |
| **S Ahmed** | 3 | 0 | 29 | 0 | ? | ? |

## Season Bowling (by ave)

| Player | O | M | R | W | Ave | SR |
|:---|:---|:---|:---|:---|:---|:---|
| **Phil Beswick** | 6 | 1 | 23 | 7 | 3.29 | 5.14 |
| **Sandy Noble** | 1 | 0 | 4 | 1 | 4 | 6 |
| **Ray Damaze** | 2 | 0 | 6 | 1 | 6 | 12 |
| **Adbul** | 5 | 0 | 6 | 1 | 6 | 30 |
| **Marcus Elwin** | 4 | 1 | 14 | 1 | 14 | 24 |
| **I Matvad** | 17.3 | 1 | 102 | 7 | 14.57 | 14.83 |
| **Ifty Muntakim** | 14 | 1 | 65 | 4 | 16.25 | 21 |
| **Richard Earney** | 24.2 | 3 | 117 | 7 | 16.71 | 20.74 |
| **Christopher Wright** | 4 | 0 | 35 | 2 | 17.5 | 12 |
| **Ned Garland** | 23.4 | 2 | 136 | 5 | 27.2 | 28.08 |
| **M Parvez** | 6 | 0 | 29 | 1 | 29 | 36 |
| **Siam Amin** | 26 | 1 | 92 | 3 | 30.67 | 52 |
| **Patrick Wigg** | 31 | 3 | 143 | 4 | 35.75 | 46.5 |
| **Richard Beswick** | 40.5 | 2 | 198 | 5 | 39.6 | 48.6 |
| **Ian Marshall** | 11 | 1 | 48 | 1 | 48 | 66 |
| **Jerry Wright** | 38 | 0 | 231 | 4 | 57.75 | 57 |
| **Iqbal Miah** | 26 | 5 | 116 | 2 | 58 | 78 |
| **Altaf Ajmal** | 12 | 0 | 62 | 1 | 62 | 72 |
| **Alastair Dell** | 14 | 0 | 85 | 1 | 85 | 84 | |
 
## Career Batting

| Player | M | I | NOs | Runs | Ave |
|:---|:---|:---|:---|:---|:---|
| **Richard Earney** | 340 | 332 | 28 | 8924 | 29.36 |
| **Richard Beswick** | 467 | 419 | 63 | 7767 | 21.82 |
| **Jim Grant** | 381 | 320 | 43 | 4486 | 16.19 |
| **William Calvert** | 301 | 271 | 33 | 3663 | 15.39 |
| **Steven Hornsby** | 90 | 86 | 13 | 2820 | 38.63 |
| **Andrew Gallagher** | 131 | 125 | 10 | 2806 | 24.40 |
| **Ian Marshall** | 194 | 147 | 27 | 2539 | 21.16 |
| **Simon Barrowcliff** | 96 | 93 | 6 | 2228 | 25.61 |
| **Mohit Gupta** | 84 | 81 | 16 | 2038 | 31.35 |
| **Edward Garland** | 211 | 146 | 40 | 1446 | 13.64 |
| **Patrick Wigg** | 123 | 93 | 27 | 1257 | 19.05 |
| **Martin Goff** | 41 | 41 | 3 | 1164 | 30.63 |
| **Tom Rutherford** | 63 | 58 | 6 | 1080 | 20.77 |
| **Ray Damaze** | 43 | 42 | 4 | 1021 | 26.87 |
| **Harry Ingham** | 71 | 61 | 16 | 969 | 21.53 |
| **Andrew Slight** | 112 | 93 | 9 | 937 | 11.15 |
| **Jerry Wright** | 377 | 183 | 72 | 922 | 8.31 |
| **David Swann** | 21 | 20 | 5 | 755 | 50.33 |
| **Richard Kitson** | 38 | 38 | 6 | 715 | 22.34 |
| **Alf Beswick** | 46 | 40 | 5 | 698 | 19.94 |
| **Pete Grant** | 105 | 94 | 13 | 698 | 8.62 |
| **Phil Bentley** | 19 | 18 | 2 | 683 | 42.69 |
| **Martin Breddy** | 16 | 16 | 0 | 650 | 40.63 |
| **Mark Gardiner** | 100 | 83 | 16 | 618 | 9.22 |
| **James Hylton** | 9 | 8 | 2 | 542 | 90.33 |
| **Will Wright** | 23 | 22 | 1 | 540 | 25.71 |
| **Andrew MacFarlane** | 34 | 30 | 0 | 530 | 17.67 |
| **Mark Taylor** | 15 | 15 | 2 | 495 | 38.08 |
| **David Young** | 86 | 65 | 17 | 479 | 9.98 |
| **Tony Purves** | 18 | 16 | 5 | 459 | 41.73 |
| **Mark Petre** | 27 | 27 | 3 | 437 | 18.21 |
| **Alan Sylvester** | 58 | 35 | 16 | 380 | 20.00 |
| **Richard Coyle** | 72 | 64 | 16 | 370 | 7.71 |
| **Stuart Watson** | 14 | 14 | 4 | 370 | 37.00 |
| **Richard Green** | 34 | 25 | 5 | 359 | 17.95 |
| **Mark Kirwan** | 43 | 29 | 6 | 357 | 15.52 |
| **Tim Hammond** | 10 | 10 | 2 | 343 | 42.88 |
| **William Chapman** | 25 | 24 | 3 | 341 | 16.24 |
| **Andrew Fielding** | 39 | 35 | 2 | 340 | 10.30 |
| **Richard Olver** | 45 | 30 | 14 | 287 | 17.94 |
| **John Packenham-Walsh** | 11 | 9 | 2 | 261 | 37.29 |
| **John Stimpfig** | 28 | 21 | 3 | 250 | 13.89 37.29 |

## Career Batting (by ave)

| Player | M | I | NOs | Runs | Ave |
||:---|:---|:---|:---|:---|:---|
| **James Hylton** | 9 | 8 | 2 | 542 | 90.33 |
| **David Swann** | 21 | 20 | 5 | 755 | 50.33 |
| **Tim Hammond** | 10 | 10 | 2 | 343 | 42.88 |
| **Phil Bentley** | 19 | 18 | 2 | 683 | 42.69 |
| **Tony Purves** | 18 | 16 | 5 | 459 | 41.73 |
| **Martin Breddy** | 16 | 16 | 0 | 650 | 40.63 |
| **Steven Hornsby** | 90 | 86 | 13 | 2820 | 38.63 |
| **Mark Taylor** | 15 | 15 | 2 | 495 | 38.08 |
| **John Packenham-Walsh** | 11 | 9 | 2 | 261 | 37.29 |
| **Stuart Watson** | 14 | 14 | 4 | 370 | 37.00 |
| **Mohit Gupta** | 84 | 81 | 16 | 2038 | 31.35 |
| **Martin Goff** | 41 | 41 | 3 | 1164 | 30.63 |
| **Richard Earney** | 340 | 332 | 28 | 8924 | 29.36 |
| **Ray Damaze** | 43 | 42 | 4 | 1021 | 26.87 |
| **Will Wright** | 23 | 22 | 1 | 540 | 25.71 |
| **Simon Barrowcliff** | 96 | 93 | 6 | 2228 | 25.61 |
| **Andrew Gallagher** | 131 | 125 | 10 | 2806 | 24.40 |
| **Richard Kitson** | 38 | 38 | 6 | 715 | 22.34 |
| **Richard Beswick** | 467 | 419 | 63 | 7767 | 21.82 |
| **Harry Ingham** | 71 | 61 | 16 | 969 | 21.53 |
| **Ian Marshall** | 194 | 147 | 27 | 2539 | 21.16 |
| **Tom Rutherford** | 63 | 58 | 6 | 1080 | 20.77 |
| **Alan Sylvester** | 58 | 35 | 16 | 380 | 20.00 |
| **Alf Beswick** | 46 | 40 | 5 | 698 | 19.94 |
| **Patrick Wigg** | 123 | 93 | 27 | 1257 | 19.05 |
| **Mark Petre** | 27 | 27 | 3 | 437 | 18.21 |
| **Richard Green** | 34 | 25 | 5 | 359 | 17.95 |
| **Richard Olver** | 45 | 30 | 14 | 287 | 17.94 |
| **Andrew MacFarlane** | 34 | 30 | 0 | 530 | 17.67 |
| **William Chapman** | 25 | 24 | 3 | 341 | 16.24 |
| **Jim Grant** | 381 | 320 | 43 | 4486 | 16.19 |
| **Mark Kirwan** | 43 | 29 | 6 | 357 | 15.52 |
| **William Calvert** | 301 | 271 | 33 | 3663 | 15.39 |
| **John Stimpfig** | 28 | 21 | 3 | 250 | 13.89 |
| **Edward Garland** | 211 | 146 | 40 | 1446 | 13.64 |
| **Andrew Slight** | 112 | 93 | 9 | 937 | 11.15 |
| **Andrew Fielding** | 39 | 35 | 2 | 340 | 10.30 |
| **David Young** | 86 | 65 | 17 | 479 | 9.98 |
| **Mark Gardiner** | 100 | 83 | 16 | 618 | 9.22 |
| **Pete Grant** | 105 | 94 | 13 | 698 | 8.62 |
| **Jerry Wright** | 377 | 183 | 72 | 922 | 8.31 |
| **Richard Coyle** | 72 | 64 | 16 | 370 | 7.71 |

## Career Bowling

| Player | M | O | M | R | W | Ave | SR |
|:---|:---|:---|:---|:---|:---|:---|:---|
| **Jerry Wright** | 377 | 2657.8 | 351 | 10429 | 535 | 19.49 | 29.81 |
| **Richard Beswick** | 467 | 2072.4 | 439 | 7544 | 420 | 17.96 | 29.61 |
| **Ian Marshall** | 194 | 1644.4 | 406 | 4962 | 270 | 18.38 | 36.54 |
| **Edward Garland** | 211 | 908.8 | 83 | 4296 | 243 | 17.68 | 22.44 |
| **Richard Earney** | 340 | 993.3 | 99 | 4650 | 208 | 22.36 | 28.65 |
| **Patrick Wigg** | 123 | 914.1 | 151 | 3054 | 157 | 19.45 | 34.93 |
| **William Calvert** | 301 | 648.5 | 86 | 2949 | 144 | 20.48 | 27.02 |
| **Harry Ingham** | 71 | 572.4 | 111 | 1877 | 96 | 19.55 | 35.78 |
| **Mohit Gupta** | 84 | 449 | 55 | 1788 | 84 | 21.29 | 32.07 |
| **Alan Sylvester** | 58 | 377.1 | 66 | 1416 | 76 | 18.63 | 29.77 |
| **Mark Kirwan** | 43 | 344.3 | 60 | 1159 | 71 | 16.32 | 29.10 |
| **Andrew MacFarlane** | 34 | 357.2 | 70 | 1041 | 68 | 15.31 | 31.52 |
| **Richard Green** | 34 | 265.1 | 27 | 1042 | 63 | 16.54 | 25.25 |
| **Paul O’Mahony** | 52 | 364.8 | 49 | 1445 | 57 | 25.35 | 38.40 |
| **Richard Olver** | 45 | 304 | 69 | 931 | 50 | 18.62 | 36.48 |
| **Andrew Gallagher** | 131 | 196 | 12 | 1036 | 47 | 22.04 | 25.02 |
| **Graeme Wright** | 49 | 339 | 56 | 1101 | 47 | 23.43 | 43.28 |
| **Tom Rutherford** | 63 | 256.2 | 31 | 1045 | 47 | 22.23 | 32.71 |
| **Gareth Powell** | 43 | 316.3 | 50 | 1169 | 44 | 26.57 | 43.13 |
| **Steven Hornsby** | 90 | 182.4 | 14 | 898 | 40 | 22.45 | 27.36 |
| **Steve Masterson** | 25 | 225.1 | 46 | 732 | 36 | 20.33 | 37.52 |
| **Tony Purves** | 18 | 111.8 | 14 | 488 | 36 | 13.56 | 18.63 |
| **Mark Gardiner** | 100 | 139.5 | 11 | 603 | 33 | 18.27 | 25.36 |
| **Iqbal Miah** | 28 | 167.3 | 15 | 811 | 32 | 25.34 | 31.37 |
| **Phil Bentley** | 19 | 165.9 | 30 | 518 | 31 | 16.71 | 32.11 |
| **Philip Beswick** | 46 | 125.1 | 5 | 669 | 28 | 23.89 | 26.81 |
| **Andrew Slight** | 112 | 72.8 | 2 | 429 | 26 | 16.50 | 16.800 |
 
## Career Bowling (by ave)

| Player | M | O | M | R | W | Ave | SR |
|:---|:---|:---|:---|:---|:---|:---|:---|
| **Tony Purves** | 18 | 111.8 | 14 | 488 | 36 | 13.56 | 18.63 |
| **Andrew MacFarlane** | 34 | 357.2 | 70 | 1041 | 68 | 15.31 | 31.52 |
| **Mark Kirwan** | 43 | 344.3 | 60 | 1159 | 71 | 16.32 | 29.10 |
| **Andrew Slight** | 112 | 72.8 | 2 | 429 | 26 | 16.50 | 16.80 |
| **Richard Green** | 34 | 265.1 | 27 | 1042 | 63 | 16.54 | 25.25 |
| **Phil Bentley** | 19 | 165.9 | 30 | 518 | 31 | 16.71 | 32.11 |
| **Edward Garland** | 211 | 908.8 | 83 | 4296 | 243 | 17.68 | 22.44 |
| **Richard Beswick** | 467 | 2072.4 | 439 | 7544 | 420 | 17.96 | 29.61 |
| **Mark Gardiner** | 100 | 139.5 | 11 | 603 | 33 | 18.27 | 25.36 |
| **Ian Marshall** | 194 | 1644.4 | 406 | 4962 | 270 | 18.38 | 36.54 |
| **Richard Olver** | 45 | 304 | 69 | 931 | 50 | 18.62 | 36.48 |
| **Alan Sylvester** | 58 | 377.1 | 66 | 1416 | 76 | 18.63 | 29.77 |
| **Patrick Wigg** | 123 | 914.1 | 151 | 3054 | 157 | 19.45 | 34.93 |
| **Jerry Wright** | 377 | 2657.8 | 351 | 10429 | 535 | 19.49 | 29.81 |
| **Harry Ingham** | 71 | 572.4 | 111 | 1877 | 96 | 19.55 | 35.78 |
| **Steve Masterson** | 25 | 225.1 | 46 | 732 | 36 | 20.33 | 37.52 |
| **William Calvert** | 301 | 648.5 | 86 | 2949 | 144 | 20.48 | 27.02 |
| **Mohit Gupta** | 84 | 449 | 55 | 1788 | 84 | 21.29 | 32.07 |
| **Andrew Gallagher** | 131 | 196 | 12 | 1036 | 47 | 22.04 | 25.02 |
| **Tom Rutherford** | 63 | 256.2 | 31 | 1045 | 47 | 22.23 | 32.71 |
| **Richard Earney** | 340 | 993.3 | 99 | 4650 | 208 | 22.36 | 28.65 |
| **Steven Hornsby** | 90 | 182.4 | 14 | 898 | 40 | 22.45 | 27.36 |
| **Graeme Wright** | 49 | 339 | 56 | 1101 | 47 | 23.43 | 43.28 |
| **Philip Beswick** | 46 | 125.1 | 5 | 669 | 28 | 23.89 | 26.81 |
| **Iqbal Miah** | 28 | 167.3 | 15 | 811 | 32 | 25.34 | 31.37 |
| **Paul O’Mahony** | 52 | 364.8 | 49 | 1445 | 57 | 25.35 | 38.40 |
| **Gareth Powell** | 43 | 316.3 | 50 | 1169 | 44 | 26.57 | 43.13 |
