---
layout: default
title: 2019 Statistics
nav_order: 23
parent: Statistics
---

# {{page.title}}

(Career Qualification 200 runs; 20 wkts)

<details open markdown="block">
  {: .text-delta }
1. TOC
{:toc}
</details>

Richard Earney: 9000 runs, Alf Beswick: 1000 runs

## Season Batting

| Player | Inns | NO | Runs | Ave |
|:---|:---|:---|:---|:---|
| **Alf Beswick** | 7 | 2 | 289 | 57.8 |
| **Richard Earney** | 10 | 0 | 255 | 25.5 |
| **Richard Beswick** | 10 | 0 | 170 | 17 |
| **Andrew Gallagher** | 4 | 1 | 138 | 46 |
| **Steven Hornsby** | 3 | 1 | 94 | 47 |
| **I Matvad** | 2 | 0 | 80 | 40 |
| **Ned Garland** | 6 | 1 | 70 | 14 |
| **Jack Stacey** | 2 | 0 | 68 | 34 |
| **William Calvert** | 5 | 0 | 55 | 11 |
| **Patrick Wigg** | 6 | 3 | 48 | 16 |
| **A Munim** | 2 | 0 | 39 | 19.5 |
| **Siam Amin** | 2 | 0 | 38 | 19 |
| **Koye Usanga** | 5 | 2 | 29 | 9.67 |
| **Jim Grant** | 7 | 3 | 25 | 6.25 |
| **Louis Barrowcliff** | 1 | 0 | 25 | 25 |
| **Ivo Strawson** | 1 | 0 | 24 | 24 |
| **John Stimpfig** | 1 | 1 | 12 | ? |
| **Ray Damaze** | 1 | 0 | 11 | 11 |
| **Ian Marshall** | 3 | 0 | 10 | 3.33 |
| **Brock Boyd-Taylor** | 1 | 0 | 10 | 10 |
| **Saif Mohammed** | 2 | 0 | 9 | 4.5 |
| **Jonas Nisse** | 1 | 0 | 8 | 8 |
| **Jason Nisse** | 1 | 0 | 8 | 8 |
| **Keyana Sapp** | 1 | 0 | 8 | 8 |
| **Richard Kitson** | 1 | 0 | 7 | 7 |
| **Simon Barrowcliff** | 2 | 0 | 5 | 2.5 |
| **Kit Gallagher** | 1 | 1 | 5 | ? |
| **Andrew Catternack** | 1 | 0 | 4 | 4 |
| **Matt Belfrage** | 1 | 0 | 4 | 4 |
| **Campbell Garland** | 1 | 0 | 3 | 3 |
| **Oliver Rey** | 1 | 0 | 3 | 3 |
| **Christopher Wright** | 3 | 2 | 2 | 2 |
| **Iqbal Miah** | 1 | 0 | 0 | 0 |
| **Jerry Wright** | 0 | 0 | 0 | ? |
| **George Holt** | 1 | 0 | 0 | 0 |
| **Phil Beswick** | 1 | 0 |  | 0|

## Season Batting (by ave)

| Player | Inns | NO | Runs | Ave |
|:---|:---|:---|:---|:---|
| **Alf Beswick** | 7 | 2 | 289 | 57.8 |
| **Steven Hornsby** | 3 | 1 | 94 | 47 |
| **Andrew Gallagher** | 4 | 1 | 138 | 46 |
| **I Matvad** | 2 | 0 | 80 | 40 |
| **Jack Stacey** | 2 | 0 | 68 | 34 |
| **Richard Earney** | 10 | 0 | 255 | 25.5 |
| **Louis Barrowcliff** | 1 | 0 | 25 | 25 |
| **Ivo Strawson** | 1 | 0 | 24 | 24 |
| **A Munim** | 2 | 0 | 39 | 19.5 |
| **Siam Amin** | 2 | 0 | 38 | 19 |
| **Richard Beswick** | 10 | 0 | 170 | 17 |
| **Patrick Wigg** | 6 | 3 | 48 | 16 |
| **Ned Garland** | 6 | 1 | 70 | 14 |
| **Ray Damaze** | 1 | 0 | 11 | 11 |
| **William Calvert** | 5 | 0 | 55 | 11 |
| **Brock Boyd**-Taylor | 1 | 0 | 10 | 10 |
| **Koye Usanga** | 5 | 2 | 29 | 9.67 |
| **Jonas Nisse** | 1 | 0 | 8 | 8 |
| **Jason Nisse** | 1 | 0 | 8 | 8 |
| **Keyana Sapp** | 1 | 0 | 8 | 8 |
| **Richard Kitson** | 1 | 0 | 7 | 7 |
| **Jim Grant** | 7 | 3 | 25 | 6.25 |
| **Saif Mohammed** | 2 | 0 | 9 | 4.5 |
| **Andrew Catternack** | 1 | 0 | 4 | 4 |
| **Matt Belfrage** | 1 | 0 | 4 | 4 |
| **Ian Marshall** | 3 | 0 | 10 | 3.33 |
| **Campbell Garland** | 1 | 0 | 3 | 3 |
| **Oliver Rey** | 1 | 0 | 3 | 3 |
| **Simon Barrowcliff** | 2 | 0 | 5 | 2.5 |
| **Christopher Wright** | 3 | 2 | 2 | 2 |
| **Iqbal Miah** | 1 | 0 | 0 | 0 |
| **George Holt** | 1 | 0 | 0 | 0 |
| **Phil Beswick** | 1 | 0 |  | 0 |
| **John Stimpfig** | 1 | 1 | 12 | ? |
| **Jerry Wright** | 0 | 0 | 0 | ? |
| **Kit Gallagher** | 1 | 1 | 5 | ? |

## Career Batting

| Player | Mat | Inns | No | Runs | Ave |
|:---|:---|:---|:---|:---|:---|
| **Richard Earney** | 351 | 342 | 28 | 9181 | 29.24 |
| **Richard Beswick** | 479 | 430 | 64 | 7956 | 21.74 |
| **Jim Grant** | 391 | 327 | 46 | 4486 | 15.96 |
| **William Calvert** | 305 | 271 | 33 | 3707 | 15.58 |
| **Andrew Gallagher** | 134 | 130 | 11 | 2982 | 25.06 |
| **Steven Hornsby** | 91 | 88 | 14 | 2890 | 39.05 |
| **Ian Marshall** | 198 | 152 | 28 | 2549 | 20.56 |
| **Simon Barrowcliff** | 97 | 93 | 6 | 2233 | 25.67 |
| **Mohit Gupta** | 82 | 87 | 15 | 2020 | 28.06 |
| **Edward Garland** | 211 | 149 | 40 | 1446 | 13.27 |
| **Patrick Wigg** | 129 | 98 | 30 | 1295 | 19.04 |
| **Martin Goff** | 42 | 42 | 3 | 1195 | 30.64 |
| **Tom Rutherford** | 63 | 58 | 6 | 1080 | 20.77 |
| **Ray Damaze** | 44 | 47 | 4 | 1032 | 24.00 |
| **Alf Beswick** | 55 | 44 | 7 | 1008 | 27.24 |
| **Harry Ingham** | 71 | 64 | 16 | 969 | 20.19 |
| **Andrew Slight** | 113 | 94 | 9 | 939 | 11.05 |
| **Jerry Wright** | 377 | 190 | 73 | 936 | 8.00 |
| **David Swann** | 21 | 20 | 5 | 755 | 50.33 |
| **Richard Kitson** | 39 | 40 | 6 | 722 | 21.24 |
| **Pete Grant** | 105 | 94 | 13 | 698 | 8.62 |
| **Phil Bentley** | 19 | 18 | 2 | 683 | 42.69 |
| **Martin Breddy** | 16 | 16 | 0 | 650 | 40.63 |
| **Mark Gardiner** | 100 | 83 | 16 | 618 | 9.22 |
| **Will Wright** | 24 | 23 | 2 | 579 | 27.57 |
| **James Hylton** | 9 | 8 | 2 | 542 | 90.33 |
| **Andrew MacFarlane** | 34 | 30 | 0 | 530 | 17.67 |
| **Mark Taylor** | 15 | 15 | 2 | 495 | 38.08 |
| **David Young** | 91 | 67 | 18 | 493 | 10.06 |
| **Tony Purves** | 18 | 16 | 5 | 459 | 41.73 |
| **Mark Petre** | 27 | 27 | 3 | 437 | 18.21 |
| **Alan Sylvester** | 57 | 35 | 16 | 380 | 20.00 |
| **Richard Coyle** | 72 | 65 | 16 | 370 | 7.55 |
| **Stuart Watson** | 14 | 14 | 4 | 370 | 37.00 |
| **Richard Green** | 34 | 25 | 5 | 359 | 17.95 |
| **Mark Kirwan** | 42 | 29 | 6 | 357 | 15.52 |
| **Tim Hammond** | 10 | 10 | 2 | 343 | 42.88 |
| **William Chapman** | 25 | 24 | 3 | 341 | 16.24 |
| **Andrew Fielding** | 39 | 35 | 2 | 340 | 10.30 |
| **Richard Olver** | 45 | 30 | 14 | 287 | 17.94 |
| **John Stimpfig** | 29 | 21 | 4 | 262 | 15.41 |
| **John Packenham-Walsh** | 11 | 9 | 2 | 261 | 37.29 |
| **Iqbal Miah** | 32 | 25 | 9 | 253 | 15.81 |
| **James Booth** | 9 | 9 | 1 | 235 | 29.38 |
| **Tim Horsey** | 44 | 40 | 9 | 228 | 7.35 |
| **Siam Amin** | 19 | 16 | 3 | 223 | 17.15 |
| **Ted Ingham** | 22 | 21 | 2 | 220 | 11.58 |
| **Toby Carden** | 19 | 14 | 2 | 215 | 17.92 |
| **Syeed Habib** | 6 | 5 | 1 | 204 | 51.00 |

## Career Batting (by Ave)

| Player | Mat | Inns | No | Runs | Ave |
|:---|:---|:---|:---|:---|:---|
| **James Hylton** | 9 | 8 | 2 | 542 | 90.33 |
| **Syeed Habib** | 6 | 5 | 1 | 204 | 51.00 |
| **David Swann** | 21 | 20 | 5 | 755 | 50.33 |
| **Tim Hammond** | 10 | 10 | 2 | 343 | 42.88 |
| **Phil Bentley** | 19 | 18 | 2 | 683 | 42.69 |
| **Tony Purves** | 18 | 16 | 5 | 459 | 41.73 |
| **Martin Breddy** | 16 | 16 | 0 | 650 | 40.63 |
| **Steven Hornsby** | 91 | 88 | 14 | 2890 | 39.05 |
| **Mark Taylor** | 15 | 15 | 2 | 495 | 38.08 |
| **John Packenham-Walsh** | 11 | 9 | 2 | 261 | 37.29 |
| **Stuart Watson** | 14 | 14 | 4 | 370 | 37.00 |
| **Martin Goff** | 42 | 42 | 3 | 1195 | 30.64 |
| **James Booth** | 9 | 9 | 1 | 235 | 29.38 |
| **Richard Earney** | 351 | 342 | 28 | 9181 | 29.24 |
| **Mohit Gupta** | 82 | 87 | 15 | 2020 | 28.06 |
| **Will Wright** | 24 | 23 | 2 | 579 | 27.57 |
| **Alf Beswick** | 55 | 44 | 7 | 1008 | 27.24 |
| **Simon Barrowcliff** | 97 | 93 | 6 | 2233 | 25.67 |
| **Andrew Gallagher** | 134 | 130 | 11 | 2982 | 25.06 |
| **Ray Damaze** | 44 | 47 | 4 | 1032 | 24.00 |
| **Richard Beswick** | 479 | 430 | 64 | 7956 | 21.74 |
| **Richard Kitson** | 39 | 40 | 6 | 722 | 21.24 |
| **Tom Rutherford** | 63 | 58 | 6 | 1080 | 20.77 |
| **Ian Marshall** | 198 | 152 | 28 | 2549 | 20.56 |
| **Harry Ingham** | 71 | 64 | 16 | 969 | 20.19 |
| **Alan Sylvester** | 57 | 35 | 16 | 380 | 20.00 |
| **Patrick Wigg** | 129 | 98 | 30 | 1295 | 19.04 |
| **Mark Petre** | 27 | 27 | 3 | 437 | 18.21 |
| **Richard Green** | 34 | 25 | 5 | 359 | 17.95 |
| **Richard Olver** | 45 | 30 | 14 | 287 | 17.94 |
| **Toby Carden** | 19 | 14 | 2 | 215 | 17.92 |
| **Andrew MacFarlane** | 34 | 30 | 0 | 530 | 17.67 |
| **Siam Amin** | 19 | 16 | 3 | 223 | 17.15 |
| **William Chapman** | 25 | 24 | 3 | 341 | 16.24 |
| **Jim Grant** | 391 | 327 | 46 | 4486 | 15.96 |
| **Iqbal Miah** | 32 | 25 | 9 | 253 | 15.81 |
| **William Calvert** | 305 | 271 | 33 | 3707 | 15.58 |
| **Mark Kirwan** | 42 | 29 | 6 | 357 | 15.52 |
| **John Stimpfig** | 29 | 21 | 4 | 262 | 15.41 |
| **Edward Garland** | 211 | 149 | 40 | 1446 | 13.27 |
| **Ted Ingham** | 22 | 21 | 2 | 220 | 11.58 |
| **Andrew Slight** | 113 | 94 | 9 | 939 | 11.05 |
| **Andrew Fielding** | 39 | 35 | 2 | 340 | 10.30 |
| **David Young** | 91 | 67 | 18 | 493 | 10.06 |
| **Mark Gardiner** | 100 | 83 | 16 | 618 | 9.22 |
| **Pete Grant** | 105 | 94 | 13 | 698 | 8.62 |
| **Jerry Wright** | 377 | 190 | 73 | 936 | 8.00 |
| **Richard Coyle** | 72 | 65 | 16 | 370 | 7.55 |
| **Tim Horsey** | 44 | 40 | 9 | 228 | 7.35 |

## Season Bowling

| Player | O | M | R | W | Ave | SR |
|:---|:---|:---|:---|:---|:---|:---|
| **Patrick Wigg** | 45 | 9 | 183 | 12 | 15.25 | 22.5 |
| **Richard Beswick** | 42.6 | 3 | 228 | 8 | 28.5 | 31.95 |
| **Richard Earney** | 27 | 2 | 136 | 7 | 19.43 | 23.14 |
| **Christopher Wright** | 44.4 | 2 | 240 | 7 | 34.29 | 38.06 |
| **Iqbal Miah** | 13 | 4 | 49 | 4 | 12.25 | 19.5 |
| **Ned Garland** | 12.3 | 2 | 31 | 4 | 7.75 | 18.45 |
| **A Munim** | 10 | 0 | 51 | 4 | 12.75 | 15 |
| **Andrew Catternack** | 6 | 0 | 26 | 2 | 13 | 18 |
| **Phil Beswick** | 7 | 0 | 34 | 2 | 17 | 21 |
| **Kit Gallagher** | 11 | 2 | 36 | 2 | 18 | 33 |
| **Ian Marshall** | 17 | 2 | 77 | 1 | 77 | 102 |
| **Jonas Nisse** | 5 | 0 | 33 | 1 | 33 | 30 |
| **Brock Boyd**-Taylor | .1 | 0 | 0 | 1 | 0 | .6 |
| **Louis Barrowcliff** | 2.4 | 1 | 10 | 1 | 10 | 14.4 |
| **Saif Mohammed** | 10 | 0 | 34 | 1 | 34 | 60 |
| **Steven Hornsby** | 1 | 0 | 13 | 1 | 13 | 6 |

## Season Bowling (by ave)

| Player | O | M | R | W | Ave | SR |
|:---|:---|:---|:---|:---|:---|:---|
| **Brock Boyd-Taylor** | .1 | 0 | 0 | 1 | 0 | .6 |
| **Ned Garland** | 12.3 | 2 | 31 | 4 | 7.75 | 18.45 |
| **Louis Barrowcliff** | 2.4 | 1 | 10 | 1 | 10 | 14.4 |
| **Iqbal Miah** | 13 | 4 | 49 | 4 | 12.25 | 19.5 |
| **A Munim** | 10 | 0 | 51 | 4 | 12.75 | 15 |
| **Andrew Catternack** | 6 | 0 | 26 | 2 | 13 | 18 |
| **Steven Hornsby** | 1 | 0 | 13 | 1 | 13 | 6 |
| **Patrick Wigg** | 45 | 9 | 183 | 12 | 15.25 | 22.5 |
| **Phil Beswick** | 7 | 0 | 34 | 2 | 17 | 21 |
| **Kit Gallagher** | 11 | 2 | 36 | 2 | 18 | 33 |
| **Richard Earney** | 27 | 2 | 136 | 7 | 19.43 | 23.14 |
| **Richard Beswick** | 42.6 | 3 | 228 | 8 | 28.5 | 31.95 |
| **Jonas Nisse** | 5 | 0 | 33 | 1 | 33 | 30 |
| **Saif Mohammed** | 10 | 0 | 34 | 1 | 34 | 60 |
| **Christopher Wright** | 44.4 | 2 | 240 | 7 | 34.29 | 38.06 |
| **Ian Marshall** | 17 | 2 | 77 | 1 | 77 | 102 |

## Career Bowling

| Player | Mat | O | M | R | W | Ave | SR |
|:---|:---|:---|:---|:---|:---|:---|
| **Jerry Wright** | 377 | 2783.4 | 349 | 10824 | 533 | 20.31 | 31.34 |
| **Richard Beswick** | 479 | 2163.5 | 442 | 7997 | 428 | 18.68 | 30.33 |
| **Ian Marshall** | 198 | 1682.1 | 410 | 5094 | 272 | 18.73 | 37.11 |
| **Edward Garland** | 211 | 957.3 | 83 | 4465 | 243 | 18.37 | 23.64 |
| **Richard Earney** | 351 | 1035.5 | 102 | 4895 | 215 | 22.77 | 28.91 |
| **Patrick Wigg** | 129 | 1040 | 160 | 3526 | 168 | 20.99 | 37.14 |
| **William Calvert** | 305 | 651.3 | 86 | 2955 | 145 | 20.38 | 26.96 |
| **Harry Ingham** | 71 | 602.4 | 111 | 1956 | 97 | 20.16 | 37.28 |
| **Mohit Gupta** | 82 | 481.4 | 52 | 1919 | 82 | 23.40 | 35.24 |
| **Alan Sylvester** | 57 | 373.1 | 66 | 1402 | 74 | 18.95 | 30.26 |
| **Mark Kirwan** | 42 | 339.3 | 60 | 1133 | 69 | 16.42 | 29.52 |
| **Andrew MacFarlane** | 34 | 329 | 70 | 1041 | 68 | 15.31 | 29.03 |
| **Richard Green** | 34 | 268.4 | 27 | 1048 | 63 | 16.63 | 25.59 |
| **Paul O'Mahony** | 52 | 366.2 | 49 | 1445 | 57 | 25.35 | 38.56 |
| **Richard Olver** | 45 | 298 | 69 | 931 | 49 | 19.00 | 36.49 |
| **Andrew Gallagher** | 134 | 190 | 12 | 1069 | 47 | 22.74 | 24.26 |
| **Graeme Wright** | 49 | 332 | 56 | 1101 | 47 | 23.43 | 42.38 |
| **Tom Rutherford** | 63 | 304 | 31 | 1260 | 47 | 26.81 | 38.81 |
| **Gareth Powell** | 43 | 316.3 | 50 | 1169 | 44 | 26.57 | 43.16 |
| **Steven Hornsby** | 91 | 183.4 | 14 | 911 | 41 | 22.22 | 26.88 |
| **Iqbal Miah** | 32 | 196.3 | 19 | 953 | 37 | 25.76 | 31.86 |
| **Steve Masterson** | 25 | 217.1 | 46 | 732 | 36 | 20.33 | 36.19 |
| **Tony Purves** | 18 | 112.2 | 14 | 488 | 36 | 13.56 | 18.72 |
| **Mark Gardiner** | 100 | 139.5 | 11 | 603 | 33 | 18.27 | 25.42 |
| **Phil Bentley** | 19 | 166.3 | 30 | 518 | 31 | 16.71 | 32.23 |
| **Philip Beswick** | 46 | 125.5 | 5 | 669 | 28 | 23.89 | 26.96 |
| **Andrew Slight** | 113 | 84.4 | 2 | 469 | 27 | 17.37 | 18.81 |
| **Mark Taylor** | 15 | 102 | 25 | 319 | 22 | 14.50 | 27.82 |

## Career Bowling (by ave)

| Player | Mat | O | M | R | W | Ave | SR |
|:---|:---|:---|:---|:---|:---|:---|
| **Tony Purves** | 18 | 112.2 | 14 | 488 | 36 | 13.56 | 18.72 |
| **Mark Taylor** | 15 | 102 | 25 | 319 | 22 | 14.50 | 27.82 |
| **Andrew MacFarlane** | 34 | 329 | 70 | 1041 | 68 | 15.31 | 29.03 |
| **Mark Kirwan** | 42 | 339.3 | 60 | 1133 | 69 | 16.42 | 29.52 |
| **Richard Green** | 34 | 268.4 | 27 | 1048 | 63 | 16.63 | 25.59 |
| **Phil Bentley** | 19 | 166.3 | 30 | 518 | 31 | 16.71 | 32.23 |
| **Andrew Slight** | 113 | 84.4 | 2 | 469 | 27 | 17.37 | 18.81 |
| **Mark Gardiner** | 100 | 139.5 | 11 | 603 | 33 | 18.27 | 25.42 |
| **Edward Garland** | 211 | 957.3 | 83 | 4465 | 243 | 18.37 | 23.64 |
| **Richard Beswick** | 479 | 2163.5 | 442 | 7997 | 428 | 18.68 | 30.33 |
| **Ian Marshall** | 198 | 1682.1 | 410 | 5094 | 272 | 18.73 | 37.11 |
| **Alan Sylvester** | 57 | 373.1 | 66 | 1402 | 74 | 18.95 | 30.26 |
| **Richard Olver** | 45 | 298 | 69 | 931 | 49 | 19.00 | 36.49 |
| **Harry Ingham** | 71 | 602.4 | 111 | 1956 | 97 | 20.16 | 37.28 |
| **Jerry Wright** | 377 | 2783.4 | 349 | 10824 | 533 | 20.31 | 31.34 |
| **Steve Masterson** | 25 | 217.1 | 46 | 732 | 36 | 20.33 | 36.19 |
| **William Calvert** | 305 | 651.3 | 86 | 2955 | 145 | 20.38 | 26.96 |
| **Patrick Wigg** | 129 | 1040 | 160 | 3526 | 168 | 20.99 | 37.14 |
| **Steven Hornsby** | 91 | 183.4 | 14 | 911 | 41 | 22.22 | 26.88 |
| **Andrew Gallagher** | 134 | 190 | 12 | 1069 | 47 | 22.74 | 24.26 |
| **Richard Earney** | 351 | 1035.5 | 102 | 4895 | 215 | 22.77 | 28.91 |
| **Mohit Gupta** | 82 | 481.4 | 52 | 1919 | 82 | 23.40 | 35.24 |
| **Graeme Wright** | 49 | 332 | 56 | 1101 | 47 | 23.43 | 42.38 |
| **Philip Beswick** | 46 | 125.5 | 5 | 669 | 28 | 23.89 | 26.96 |
| **Paul O'Mahony** | 52 | 366.2 | 49 | 1445 | 57 | 25.35 | 38.56 |
| **Iqbal Miah** | 32 | 196.3 | 19 | 953 | 37 | 25.76 | 31.86 |
| **Gareth Powell** | 43 | 316.3 | 50 | 1169 | 44 | 26.57 | 43.16 |
| **Tom Rutherford** | 63 | 304 | 31 | 1260 | 47 | 26.81 | 38.81 |
