---
layout: default
title: 2020 Statistics
nav_order: 22
parent: Statistics
---

# {{page.title}}

(Career Qualification 200 runs; 20 wkts)

<details open markdown="block">
  {: .text-delta }
1. TOC
{:toc}
</details>

Andrew Gallagher: 3000 runs

## Season Batting

| Player | Inns | No | Runs | Ave |
|:--|:--|:--|:--|:--|
| **P Wigg** | 3 | 0 | 96 | 32.0 |
| **A Gallagher** | 3 | 1 | 89 | 44.5 |
| **A Beswick** | 2 | 0 | 76 | 38.0 |
| **J Grant** | 2 | 0 | 44 | 22.0 |
| **K Gallagher** | 2 | 2 | 38 | - |
| **R Earney** | 3 | 0 | 31 | 10.3 |
| **S Ali** | 1 | 0 | 30 | 30.0 |
| **S Amin** | 1 | 0 | 24 | 24.0 |
| **R Damaze** | 1 | 0 | 22 | 22.0 |
| **W Wright** | 1 | 0 | 22 | 22.0 |
| **C Gallagher** | 1 | 0 | 16 | 16.0 |
| **J Stacey** | 1 | 0 | 15 | 15.0 |
| **A Munim** | 1 | 0 | 14 | 14.0 |
| **W Calvert** | 1 | 0 | 14 | 14.0 |
| **J Casey** | 1 | 0 | 13 | 13.0 |
| **R Beswick** | 2 | 0 | 12 | 6.0 |
| **M Elwin** | 1 | 0 | 12 | 12.0 |
| **I Strawson** | 2 | 0 | 9 | 4.5 |
| **C Wright** | 1 | 1 | 7 | - |
| **M Wright** | 1 | 1 | 7 | - |
| **E Garland** | 1 | 0 | 4 | 4.0 |
| **M Carlton** | 1 | 1 | 2 | - |
| **C Handford** | 0 | 0 | 0 | 0.0 |
| **I Miah** | 1 | 0 | 0 | 0.0 |
| **K Usanga** | 1 | 0 | 0 | 0.0 |
| **L Gallagher** | 1 | 0 | 0 | 0.0 |
| **B Boyd-Taylor** | 1 | 0 | 0 | 0.0 |
| **H Earney** | 0 | 0 | 0 | 0.0 |
| **Ch Wright** | 0 | 0 | 0 | 0.0 |
| **C Garland** | 0 | 0 | 0 | 0.0 |

## Season Batting (by ave)

| Player | Inns | No | Runs | Ave |
|:--|:--|:--|:--|:--|
| **A Gallagher** | 3 | 1 | 89 | 44.5 |
| **A Beswick** | 2 | 0 | 76 | 38.0 |
| **P Wigg** | 3 | 0 | 96 | 32.0 |
| **S Ali** | 1 | 0 | 30 | 30.0 |
| **S Amin** | 1 | 0 | 24 | 24.0 |
| **J Grant** | 2 | 0 | 44 | 22.0 |
| **R Damaze** | 1 | 0 | 22 | 22.0 |
| **W Wright** | 1 | 0 | 22 | 22.0 |
| **C Gallagher** | 1 | 0 | 16 | 16.0 |
| **J Stacey** | 1 | 0 | 15 | 15.0 |
| **A Munim** | 1 | 0 | 14 | 14.0 |
| **W Calvert** | 1 | 0 | 14 | 14.0 |
| **J Casey** | 1 | 0 | 13 | 13.0 |
| **M Elwin** | 1 | 0 | 12 | 12.0 |
| **R Earney** | 3 | 0 | 31 | 10.3 |
| **R Beswick** | 2 | 0 | 12 | 6.0 |
| **I Strawson** | 2 | 0 | 9 | 4.5 |
| **E Garland** | 1 | 0 | 4 | 4.0 |
| **C Handford** | 0 | 0 | 0 | 0.0 |
| **I Miah** | 1 | 0 | 0 | 0.0 |
| **K Usanga** | 1 | 0 | 0 | 0.0 |
| **L Gallagher** | 1 | 0 | 0 | 0.0 |
| **B Boyd-Taylor** | 1 | 0 | 0 | 0.0 |
| **H Earney** | 0 | 0 | 0 | 0.0 |
| **Ch Wright** | 0 | 0 | 0 | 0.0 |
| **C Garland** | 0 | 0 | 0 | 0.0 |
| **K Gallagher** | 2 | 2 | 38 | - |
| **C Wright** | 1 | 1 | 7 | - |
| **M Wright** | 1 | 1 | 7 | - |
| **M Carlton** | 1 | 1 | 2 | - |

## Career Batting

| Player | Mat | Inns | No | Runs | Ave |
|:---|:---|:---|:---|:---|:---|
| **Richard Earney** | 354 | 352 | 28 | 9212 | 28.43 |
| **Richard Beswick** | 483 | 440 | 64 | 7968 | 21.19 |
| **Jim Grant** | 393 | 334 | 46 | 4530 | 15.73 |
| **William Calvert** | 306 | 276 | 33 | 3721 | 15.31 |
| **Andrew Gallagher** | 137 | 134 | 12 | 3071 | 25.17 |
| **Steven Hornsby** | 91 | 91 | 14 | 2890 | 37.53 |
| **Ian Marshall** | 198 | 156 | 28 | 2549 | 19.91 |
| **Simon Barrowcliff** | 97 | 95 | 6 | 2233 | 25.09 |
| **Mohit Gupta** | 82 | 87 | 15 | 2020 | 28.06 |
| **Edward Garland** | 211 | 149 | 40 | 1446 | 13.27 |
| **Patrick Wigg** | 133 | 104 | 30 | 1391 | 18.80 |
| **Martin Goff** | 42 | 42 | 3 | 1195 | 30.64 |
| **Alf Beswick** | 57 | 51 | 7 | 1084 | 24.64 |
| **Tom Rutherford** | 63 | 58 | 6 | 1080 | 20.77 |
| **Ray Damaze** | 45 | 48 | 4 | 1054 | 23.95 |
| **Harry Ingham** | 71 | 64 | 16 | 969 | 20.19 |
| **Andrew Slight** | 113 | 94 | 9 | 939 | 11.05 |
| **Jerry Wright** | 377 | 190 | 73 | 936 | 8.00 |
| **David Swann** | 21 | 20 | 5 | 755 | 50.33 |
| **Richard Kitson** | 39 | 41 | 6 | 722 | 20.63 |
| **Pete Grant** | 105 | 94 | 13 | 698 | 8.62 |
| **Phil Bentley** | 19 | 18 | 2 | 683 | 42.69 |
| **Martin Breddy** | 16 | 16 | 0 | 650 | 40.63 |
| **Mark Gardiner** | 100 | 83 | 16 | 618 | 9.22 |
| **Will Wright** | 25 | 23 | 2 | 601 | 28.62 |
| **James Hylton** | 9 | 8 | 2 | 542 | 90.33 |
| **Andrew MacFarlane** | 34 | 30 | 0 | 530 | 17.67 |
| **Mark Taylor** | 15 | 15 | 2 | 495 | 38.08 |
| **David Young** | 91 | 67 | 18 | 493 | 10.06 |
| **Tony Purves** | 18 | 16 | 5 | 459 | 41.73 |
| **Mark Petre** | 27 | 27 | 3 | 437 | 18.21 |
| **Alan Sylvester** | 57 | 35 | 16 | 380 | 20.00 |
| **Richard Coyle** | 72 | 65 | 16 | 370 | 7.55 |
| **Stuart Watson** | 14 | 14 | 4 | 370 | 37.00 |
| **Richard Green** | 34 | 25 | 5 | 359 | 17.95 |
| **Mark Kirwan** | 42 | 29 | 6 | 357 | 15.52 |
| **Tim Hammond** | 10 | 10 | 2 | 343 | 42.88 |
| **William Chapman** | 25 | 24 | 3 | 341 | 16.24 |
| **Andrew Fielding** | 39 | 35 | 2 | 340 | 10.30 |
| **Richard Olver** | 45 | 30 | 14 | 287 | 17.94 |
| **John Stimpfig** | 29 | 22 | 4 | 262 | 14.56 |
| **John Packenham-Walsh** | 11 | 9 | 2 | 261 | 37.29 |
| **Iqbal Miah** | 33 | 27 | 9 | 253 | 14.06 |
| **Siam Amin** | 20 | 18 | 3 | 247 | 16.47 |
| **James Booth** | 9 | 9 | 1 | 235 | 29.38 |
| **Tim Horsey** | 44 | 40 | 9 | 228 | 7.35 |
| **Ted Ingham** | 22 | 21 | 2 | 220 | 11.58 |
| **Toby Carden** | 19 | 14 | 2 | 215 | 17.92 |
| **Syeed Habib** | 6 | 5 | 1 | 204 | 51.00 |

## Career Batting (by Ave)

| Player | Mat | Inns | No | Runs | Ave |
|:---|:---|:---|:---|:---|:---|
| **James Hylton** | 9 | 8 | 2 | 542 | 90.33 |
| **Syeed Habib** | 6 | 5 | 1 | 204 | 51.00 |
| **David Swann** | 21 | 20 | 5 | 755 | 50.33 |
| **Tim Hammond** | 10 | 10 | 2 | 343 | 42.88 |
| **Phil Bentley** | 19 | 18 | 2 | 683 | 42.69 |
| **Tony Purves** | 18 | 16 | 5 | 459 | 41.73 |
| **Martin Breddy** | 16 | 16 | 0 | 650 | 40.63 |
| **Mark Taylor** | 15 | 15 | 2 | 495 | 38.08 |
| **Steven Hornsby** | 91 | 91 | 14 | 2890 | 37.53 |
| **John Packenham-Walsh** | 11 | 9 | 2 | 261 | 37.29 |
| **Stuart Watson** | 14 | 14 | 4 | 370 | 37.00 |
| **Martin Goff** | 42 | 42 | 3 | 1195 | 30.64 |
| **James Booth** | 9 | 9 | 1 | 235 | 29.38 |
| **Will Wright** | 25 | 23 | 2 | 601 | 28.62 |
| **Richard Earney** | 354 | 352 | 28 | 9212 | 28.43 |
| **Mohit Gupta** | 82 | 87 | 15 | 2020 | 28.06 |
| **Andrew Gallagher** | 137 | 134 | 12 | 3071 | 25.17 |
| **Simon Barrowcliff** | 97 | 95 | 6 | 2233 | 25.09 |
| **Alf Beswick** | 57 | 51 | 7 | 1084 | 24.64 |
| **Ray Damaze** | 45 | 48 | 4 | 1054 | 23.95 |
| **Richard Beswick** | 483 | 440 | 64 | 7968 | 21.19 |
| **Tom Rutherford** | 63 | 58 | 6 | 1080 | 20.77 |
| **Richard Kitson** | 39 | 41 | 6 | 722 | 20.63 |
| **Harry Ingham** | 71 | 64 | 16 | 969 | 20.19 |
| **Alan Sylvester** | 57 | 35 | 16 | 380 | 20.00 |
| **Ian Marshall** | 198 | 156 | 28 | 2549 | 19.91 |
| **Patrick Wigg** | 133 | 104 | 30 | 1391 | 18.80 |
| **Mark Petre** | 27 | 27 | 3 | 437 | 18.21 |
| **Richard Green** | 34 | 25 | 5 | 359 | 17.95 |
| **Richard Olver** | 45 | 30 | 14 | 287 | 17.94 |
| **Toby Carden** | 19 | 14 | 2 | 215 | 17.92 |
| **Andrew MacFarlane** | 34 | 30 | 0 | 530 | 17.67 |
| **Siam Amin** | 20 | 18 | 3 | 247 | 16.47 |
| **William Chapman** | 25 | 24 | 3 | 341 | 16.24 |
| **Jim Grant** | 393 | 334 | 46 | 4530 | 15.73 |
| **Mark Kirwan** | 42 | 29 | 6 | 357 | 15.52 |
| **William Calvert** | 306 | 276 | 33 | 3721 | 15.31 |
| **John Stimpfig** | 29 | 22 | 4 | 262 | 14.56 |
| **Iqbal Miah** | 33 | 27 | 9 | 253 | 14.06 |
| **Edward Garland** | 211 | 149 | 40 | 1446 | 13.27 |
| **Ted Ingham** | 22 | 21 | 2 | 220 | 11.58 |
| **Andrew Slight** | 113 | 94 | 9 | 939 | 11.05 |
| **Andrew Fielding** | 39 | 35 | 2 | 340 | 10.30 |
| **David Young** | 91 | 67 | 18 | 493 | 10.06 |
| **Mark Gardiner** | 100 | 83 | 16 | 618 | 9.22 |
| **Pete Grant** | 105 | 94 | 13 | 698 | 8.62 |
| **Jerry Wright** | 377 | 190 | 73 | 936 | 8.00 |
| **Richard Coyle** | 72 | 65 | 16 | 370 | 7.55 |
| **Tim Horsey** | 44 | 40 | 9 | 228 | 7.35 |

## Season Bowling

| Player | O | M | Runs | Wkts | Ave | SR |
|:--|:--|:--|:--|:--|:--|:--|
| **R Beswick** | 21 | 6 | 69 | 10 | 6.90 | 12.60 |
| **P Wigg** | 30.3 | 10 | 60 | 9 | 6.66 | 20.33 |
| **I Miah** | 6 | 0 | 17 | 2 | 8.50 | 18.00 |
| **C Wright** | 19 | 4 | 87 | 2 | 43.50 | 57.00 |
| **C Handford** | 5 | 0 | 27 | 2 | 13.50 | 15.00 |
| **C Gallagher** | 2 | 0 | 10 | 1 | 10.00 | 12.00 |
| **A Munim** | 4 | 0 | 21 | 1 | 21.00 | 24.00 |
| **C Garland** | 5 | 0 | 31 | 1 | 31.00 | 20.00 |
| **M Elwin** | 6 | 1 | 39 | 1 | 39.00 | 36.00 |
| **M Carlton** | 6 | 0 | 22 | 1 | 22.00 | 36.00 |
| **B Boyd-Taylor** | 6 | 0 | 31 | 1 | 31.00 | 36.00 |
| **K Gallagher** | 12 | 0 | 63 | 0	 | 0.00 |
| **J Casey** | 9 | 1 | 24 | 0	 | 0.00 |
| **S Ali** | 5 | 1 | 12 | 0	 | 0.00 |
| **R Earney** | 3 | 0 | 16 | 0 | - | 0.00 |
| **E Garland** | 1 | 0 | 10 | 0 | 0.00 | 0.00 |
| **S Amin** | 0.1 | 0 | 0 | 0 | 0.00 | 0.00 |

## Season Bowling (by ave)

| Player | O | M | Runs | Wkts | Ave | SR |
|:--|:--|:--|:--|:--|:--|:--|
| **P Wigg** | 30.3 | 10 | 60 | 9 | 6.66 | 20.33 |
| **R Beswick** | 21 | 6 | 69 | 10 | 6.90 | 12.60 |
| **I Miah** | 6 | 0 | 17 | 2 | 8.50 | 18.00 |
| **C Gallagher** | 2 | 0 | 10 | 1 | 10.00 | 12.00 |
| **C Handford** | 5 | 0 | 27 | 2 | 13.50 | 15.00 |
| **A Munim** | 4 | 0 | 21 | 1 | 21.00 | 24.00 |
| **M Carlton** | 6 | 0 | 22 | 1 | 22.00 | 36.00 |
| **C Garland** | 5 | 0 | 31 | 1 | 31.00 | 20.00 |
| **B Boyd-Taylor** | 6 | 0 | 31 | 1 | 31.00 | 36.00 |
| **M Elwin** | 6 | 1 | 39 | 1 | 39.00 | 36.00 |
| **C Wright** | 19 | 4 | 87 | 2 | 43.50 | 57.00 |
| **K Gallagher** | 12 | 0 | 63 | 0	 | 0.00 |
| **J Casey** | 9 | 1 | 24 | 0	 | 0.00 |
| **S Ali** | 5 | 1 | 12 | 0	 | 0.00 |
| **R Earney** | 3 | 0 | 16 | 0 | - | 0.00 |
| **E Garland** | 1 | 0 | 10 | 0 | 0.00 | 0.00 |
| **S Amin** | 0.1 | 0 | 0 | 0 | 0.00 | 0.00 |

## Career Bowling

| Player | Mat | O | M | R | W | Ave | SR |
|:---|:---|:---|:---|:---|:---|:---|
| **Jerry Wright** | 377 | 2783.4 | 349 | 10824 | 533 | 20.31 | 31.34 |
| **Richard Beswick** | 483 | 2184.5 | 447 | 8066 | 438 | 18.42 | 29.93 |
| **Ian Marshall** | 198 | 1682.1 | 410 | 5094 | 272 | 18.73 | 37.11 |
| **Edward Garland** | 211 | 957.3 | 83 | 4465 | 243 | 18.37 | 23.64 |
| **Richard Earney** | 354 | 1038.5 | 102 | 4911 | 215 | 22.84 | 28.99 |
| **Patrick Wigg** | 133 | 1070.3 | 170 | 3586 | 177 | 20.26 | 36.29 |
| **William Calvert** | 306 | 651.3 | 86 | 2955 | 145 | 20.38 | 26.96 |
| **Harry Ingham** | 71 | 602.4 | 111 | 1956 | 97 | 20.16 | 37.28 |
| **Mohit Gupta** | 82 | 481.4 | 52 | 1919 | 82 | 23.40 | 35.24 |
| **Alan Sylvester** | 57 | 373.1 | 66 | 1402 | 74 | 18.95 | 30.26 |
| **Mark Kirwan** | 42 | 339.3 | 60 | 1133 | 69 | 16.42 | 29.52 |
| **Andrew MacFarlane** | 34 | 329 | 70 | 1041 | 68 | 15.31 | 29.03 |
| **Richard Green** | 34 | 268.4 | 27 | 1048 | 63 | 16.63 | 25.59 |
| **Paul O'Mahony** | 52 | 366.2 | 49 | 1445 | 57 | 25.35 | 38.56 |
| **Richard Olver** | 45 | 298 | 69 | 931 | 49 | 19.00 | 36.49 |
| **Andrew Gallagher** | 137 | 190 | 12 | 1069 | 47 | 22.74 | 24.26 |
| **Graeme Wright** | 49 | 332 | 56 | 1101 | 47 | 23.43 | 42.38 |
| **Tom Rutherford** | 63 | 304 | 31 | 1260 | 47 | 26.81 | 38.81 |
| **Gareth Powell** | 43 | 316.3 | 50 | 1169 | 44 | 26.57 | 43.16 |
| **Steven Hornsby** | 91 | 183.4 | 14 | 911 | 41 | 22.22 | 26.88 |
| **Iqbal Miah** | 33 | 202.3 | 19 | 970 | 39 | 24.87 | 31.15 |
| **Steve Masterson** | 25 | 217.1 | 46 | 732 | 36 | 20.33 | 36.19 |
| **Tony Purves** | 18 | 112.2 | 14 | 488 | 36 | 13.56 | 18.72 |
| **Mark Gardiner** | 100 | 139.5 | 11 | 603 | 33 | 18.27 | 25.42 |
| **Phil Bentley** | 19 | 166.3 | 30 | 518 | 31 | 16.71 | 32.23 |
| **Philip Beswick** | 46 | 125.5 | 5 | 669 | 28 | 23.89 | 26.96 |
| **Andrew Slight** | 113 | 84.4 | 2 | 469 | 27 | 17.37 | 18.81 |
| **Mark Taylor** | 15 | 102 | 25 | 319 | 22 | 14.50 | 27.82 |

## Career Bowling (by ave)

| Player | Mat | O | M | R | W | Ave | SR |
|:---|:---|:---|:---|:---|:---|:---|
| **Tony Purves** | 18 | 112.2 | 14 | 488 | 36 | 13.56 | 18.72 |
| **Mark Taylor** | 15 | 102 | 25 | 319 | 22 | 14.50 | 27.82 |
| **Andrew MacFarlane** | 34 | 329 | 70 | 1041 | 68 | 15.31 | 29.03 |
| **Mark Kirwan** | 42 | 339.3 | 60 | 1133 | 69 | 16.42 | 29.52 |
| **Richard Green** | 34 | 268.4 | 27 | 1048 | 63 | 16.63 | 25.59 |
| **Phil Bentley** | 19 | 166.3 | 30 | 518 | 31 | 16.71 | 32.23 |
| **Andrew Slight** | 113 | 84.4 | 2 | 469 | 27 | 17.37 | 18.81 |
| **Mark Gardiner** | 100 | 139.5 | 11 | 603 | 33 | 18.27 | 25.42 |
| **Edward Garland** | 211 | 957.3 | 83 | 4465 | 243 | 18.37 | 23.64 |
| **Richard Beswick** | 483 | 2184.5 | 447 | 8066 | 438 | 18.42 | 29.93 |
| **Ian Marshall** | 198 | 1682.1 | 410 | 5094 | 272 | 18.73 | 37.11 |
| **Alan Sylvester** | 57 | 373.1 | 66 | 1402 | 74 | 18.95 | 30.26 |
| **Richard Olver** | 45 | 298 | 69 | 931 | 49 | 19.00 | 36.49 |
| **Harry Ingham** | 71 | 602.4 | 111 | 1956 | 97 | 20.16 | 37.28 |
| **Patrick Wigg** | 133 | 1070.3 | 170 | 3586 | 177 | 20.26 | 36.29 |
| **Jerry Wright** | 377 | 2783.4 | 349 | 10824 | 533 | 20.31 | 31.34 |
| **Steve Masterson** | 25 | 217.1 | 46 | 732 | 36 | 20.33 | 36.19 |
| **William Calvert** | 306 | 651.3 | 86 | 2955 | 145 | 20.38 | 26.96 |
| **Steven Hornsby** | 91 | 183.4 | 14 | 911 | 41 | 22.22 | 26.88 |
| **Andrew Gallagher** | 137 | 190 | 12 | 1069 | 47 | 22.74 | 24.26 |
| **Richard Earney** | 354 | 1038.5 | 102 | 4911 | 215 | 22.84 | 28.99 |
| **Mohit Gupta** | 82 | 481.4 | 52 | 1919 | 82 | 23.40 | 35.24 |
| **Graeme Wright** | 49 | 332 | 56 | 1101 | 47 | 23.43 | 42.38 |
| **Philip Beswick** | 46 | 125.5 | 5 | 669 | 28 | 23.89 | 26.96 |
| **Iqbal Miah** | 33 | 202.3 | 19 | 970 | 39 | 24.87 | 31.15 |
| **Paul O'Mahony** | 52 | 366.2 | 49 | 1445 | 57 | 25.35 | 38.56 |
| **Gareth Powell** | 43 | 316.3 | 50 | 1169 | 44 | 26.57 | 43.16 |
| **Tom Rutherford** | 63 | 304 | 31 | 1260 | 47 | 26.81 | 38.81 |
