---
layout: default
title: 2021 Statistics
nav_order: 21
parent: Statistics
---

# {{page.title}}

<details open markdown="block">
  <summary>
    Table of contents
  </summary>
  {: .text-delta }
1. TOC
{:toc}
</details>

## Season Batting

| Player | Inns | No | Runs | Ave |
|:--|:--|:--|:--|:--|
| **Alf Beswick** | 9 | 0 | 217 | 24.11 |
| **Jim Carroll** | 6 | 1 | 195 | 39 |
| **Richard Beswick** | 8 | 2 | 121 | 20.17 |
| **Ray Damaze** | 5 | 0 | 90 | 18 |
| **Richard Earney** | 9 | 1 | 87 | 10.88 |
| **Stephen Hornsby** | 3 | 1 | 73 | 36.5 |
| **Martin Goff** | 2 | 0 | 66 | 33 |
| **William Calvert** | 5 | 2 | 56 | 18.67 |
| **Brock Boyd-Taylor** | 2 | 0 | 52 | 26 |
| **Patrick Wigg** | 5 | 1 | 45 | 11.25 |
| **Iqbal Miah** | 2 | 1 | 39 | 39 |
| **Mohit Gupta** | 2 | 0 | 36 | 18 |
| **Jack Casey** | 4 | 1 | 35 | 11.67 |
| **Siam Amin** | 3 | 0 | 32 | 10.67 |
| **Luke Horden** | 6 | 2 | 27 | 6.75 |
| **Edward Garland** | 3 | 2 | 25 | 25 |
| **Ishmail Matvad** | 1 | 0 | 23 | 23 |
| **Charlie Selway** | 1 | 0 | 18 | 18 |
| **Anandraj Venkatasamy** | 1 | 0 | 17 | 17 |
| **Chris Wright** | 3 | 1 | 12 | 6 |
| **Jim Grant** | 3 | 3 | 9 | - |
| **Mikhail Gupta** | 3 | 1 | 8 | 4 |
| **Johnny Stimfig** | 1 | 0 | 7 | 7 |
| **Luckman Patel** | 1 | 0 | 5 | 5 |
| **Ben Yarde-Buller** | 1 | 0 | 4 | 4 |
| **Perry Lynden** | 1 | 0 | 4 | 4 |
| **Vansh Trivedi** | 1 | 0 | 1 | 1 |
| **Ian Marshall** | 0 | 0 | 0 | - |
| **Chris Etheridge** | 1 | 0 | 0 | 0 |

## Season Batting (by ave)

| Player | Inns | No | Runs | Ave |
|:--|:--|:--|:--|:--|
| **Jim Carroll** | 6 | 1 | 195 | 39 |
| **Iqbal Miah** | 2 | 1 | 39 | 39 |
| **Stephen Hornsby** | 3 | 1 | 73 | 36.5 |
| **Martin Goff** | 2 | 0 | 66 | 33 |
| **Brock Boyd-Taylor** | 2 | 0 | 52 | 26 |
| **Edward Garland** | 3 | 2 | 25 | 25 |
| **Alf Beswick** | 9 | 0 | 217 | 24.11 |
| **Ishmail Matvad** | 1 | 0 | 23 | 23 |
| **Richard Beswick** | 8 | 2 | 121 | 20.17 |
| **William Calvert** | 5 | 2 | 56 | 18.67 |
| **Ray Damaze** | 5 | 0 | 90 | 18 |
| **Charlie Selway** | 1 | 0 | 18 | 18 |
| **Mohit Gupta** | 2 | 0 | 36 | 18 |
| **Anandraj Venkatasamy** | 1 | 0 | 17 | 17 |
| **Jack Casey** | 4 | 1 | 35 | 11.67 |
| **Patrick Wigg** | 5 | 1 | 45 | 11.25 |
| **Richard Earney** | 9 | 1 | 87 | 10.88 |
| **Siam Amin** | 3 | 0 | 32 | 10.67 |
| **Johnny Stimfig** | 1 | 0 | 7 | 7 |
| **Luke Horden** | 6 | 2 | 27 | 6.75 |
| **Chris Wright** | 3 | 1 | 12 | 6 |
| **Luckman Patel** | 1 | 0 | 5 | 5 |
| **Mikhail Gupta** | 3 | 1 | 8 | 4 |
| **Ben Yarde-Buller** | 1 | 0 | 4 | 4 |
| **Perry Lynden** | 1 | 0 | 4 | 4 |
| **Vansh Trivedi** | 1 | 0 | 1 | 1 |
| **Chris Etheridge** | 1 | 0 | 0 | 0 |
| **Jim Grant** | 3 | 3 | 9 | - |
| **Ian Marshall** | 0 | 0 | 0 | - |

## Season Bowling

| Player | O | M | Runs | Wkts | Ave | SR |
|:--|:--|:--|:--|:--|:--|
| **Edward Garland** | 27 | 2 | 141 | 12 | 11.75 | 13.5 |
| **Patrick Wigg** | 46 | 20 | 88 | 10 | 8.8 | 27.6 |
| **Richard Earney** | 33.4 | 2 | 135 | 10 | 13.5 | 20.04 |
| **Jack Casey** | 29 | 6 | 91 | 8 | 11.38 | 21.75 |
| **Jim Carroll** | 26.1 | 3 | 128 | 6 | 21.33 | 26.1 |
| **Luke Horden** | 41.4 | 6 | 157 | 6 | 26.17 | 41.4 |
| **Chris Wright** | 25.3 | 2 | 161 | 6 | 26.83 | 25.3 |
| **Mohit Gupta** | 26 | 3 | 70 | 6 | 11.67 | 26 |
| **Richard Beswick** | 24.5 | 3 | 142 | 5 | 28.4 | 29.4 |
| **Ishmail Matvad** | 15 | 6 | 25 | 3 | 8.33 | 30 |
| **Siam Amin** | 13 | 0 | 85 | 3 | 28.33 | 26 |
| **Iqbal Miah** | 18.4 | 5 | 60 | 2 | 30 | 55.2 |
| **Brock Boyd-Taylor** | 4 | 0 | 26 | 2 | 13 | 12 |
| **Alf Beswick** | 13 | 1 | 67 | 1 | 67 | 78 |
| **Ben Yarde-Buller** | 5 | 0 | 24 | 1 | 24 | 30 |
| **Ian Marshall** | 5 | 0 | 17 | 0 | - | - |
| **Chris Etheridge** | 1 | 0 | 9 | 0 | - | - |
| **Mikhail Gupta** | 3 | 0 | 15 | 0 | - | - |

## Season Bowling (by ave)

| Player | O | M | Runs | Wkts | Ave | SR |
|:--|:--|:--|:--|:--|:--|
| **Ishmail Matvad** | 15 | 6 | 25 | 3 | 8.33 | 30 |
| **Patrick Wigg** | 46 | 20 | 88 | 10 | 8.8 | 27.6 |
| **Jack Casey** | 29 | 6 | 91 | 8 | 11.38 | 21.75 |
| **Mohit Gupta** | 26 | 3 | 70 | 6 | 11.67 | 26 |
| **Edward Garland** | 27 | 2 | 141 | 12 | 11.75 | 13.5 |
| **Brock Boyd-Taylor** | 4 | 0 | 26 | 2 | 13 | 12 |
| **Richard Earney** | 33.4 | 2 | 135 | 10 | 13.5 | 20.04 |
| **Jim Carroll** | 26.1 | 3 | 128 | 6 | 21.33 | 26.1 |
| **Ben Yarde-Buller** | 5 | 0 | 24 | 1 | 24 | 30 |
| **Luke Horden** | 41.4 | 6 | 157 | 6 | 26.17 | 41.4 |
| **Chris Wright** | 25.3 | 2 | 161 | 6 | 26.83 | 25.3 |
| **Richard Beswick** | 24.5 | 3 | 142 | 5 | 28.4 | 29.4 |
| **Siam Amin** | 13 | 0 | 85 | 3 | 28.33 | 26 |
| **Iqbal Miah** | 18.4 | 5 | 60 | 2 | 30 | 55.2 |
| **Alf Beswick** | 13 | 1 | 67 | 1 | 67 | 78 |

## Career Batting

| Player | M | Inns | NOs | Runs | Ave |
|:---|:---|:---|:---|:---|:---|
| **Richard Earney** | 362 | 354 | 29 | 9297 | 28.61 |
| **Richard Beswick** | 492 | 439 | 65 | 8070 | 21.58 |
| **Jim Grant** | 398 | 332 | 49 | 4564 | 16.13 |
| **William Calvert** | 313 | 282 | 35 | 3788 | 15.34 |
| **Andrew Gallagher** | 138 | 132 | 12 | 3093 | 25.78 |
| **Steven Hornsby** | 93 | 89 | 14 | 2914 | 38.85 |
| **Ian Marshall** | 199 | 151 | 27 | 2549 | 20.56 |
| **Simon Barrowcliff** | 97 | 94 | 6 | 2233 | 25.38 |
| **Mohit Gupta** | 87 | 83 | 16 | 2074 | 30.96 |
| **Edward Garland** | 216 | 149 | 42 | 1471 | 13.75 |
| **Patrick Wigg** | 139 | 107 | 31 | 1446 | 19.03 |
| **Alf Beswick** | 66 | 60 | 7 | 1301 | 24.55 |
| **Martin Goff** | 43 | 43 | 3 | 1230 | 30.75 |
| **Ray Damaze** | 50 | 49 | 4 | 1144 | 25.42 |
| **Tom Rutherford** | 63 | 58 | 6 | 1080 | 20.77 |
| **Harry Ingham** | 71 | 61 | 16 | 969 | 21.53 |
| **Andrew Slight** | 112 | 93 | 9 | 937 | 11.15 |
| **Jerry Wright** | 379 | 183 | 72 | 922 | 8.31 |
| **David Swann** | 21 | 20 | 5 | 755 | 50.33 |
| **Richard Kitson** | 39 | 39 | 6 | 722 | 21.88 |
| **Pete Grant** | 105 | 94 | 13 | 698 | 8.62 |
| **Phil Bentley** | 19 | 18 | 2 | 683 | 42.69 |
| **Martin Breddy** | 16 | 16 | 0 | 650 | 40.63 |
| **Mark Gardiner** | 100 | 83 | 16 | 618 | 9.22 |
| **Will Wright** | 25 | 24 | 2 | 601 | 27.32 |
| **James Hylton** | 9 | 8 | 2 | 542 | 90.33 |
| **Andrew MacFarlane** | 34 | 30 | 0 | 530 | 17.67 |
| **Mark Taylor** | 15 | 15 | 2 | 495 | 38.08 |
| **David Young** | 91 | 67 | 18 | 493 | 10.06 |
| **Tony Purves** | 18 | 16 | 5 | 459 | 41.73 |
| **Mark Petre** | 27 | 27 | 3 | 437 | 18.21 |
| **Alan Sylvester** | 58 | 35 | 16 | 380 | 20.00 |
| **Richard Coyle** | 72 | 64 | 16 | 370 | 7.71 |
| **Stuart Watson** | 14 | 14 | 4 | 370 | 37.00 |
| **Richard Green** | 34 | 25 | 5 | 359 | 17.95 |
| **Mark Kirwan** | 43 | 29 | 6 | 357 | 15.52 |
| **Tim Hammond** | 10 | 10 | 2 | 343 | 42.88 |
| **William Chapman** | 25 | 24 | 3 | 341 | 16.24 |
| **Andrew Fielding** | 39 | 35 | 2 | 340 | 10.30 |
| **Richard Olver** | 45 | 30 | 14 | 287 | 17.94 |
| **Iqbal Miah** | 34 | 25 | 10 | 285 | 19.00 |
| **Siam Amin** | 23 | 19 | 3 | 279 | 17.44 |
| **John Stimpfig** | 29 | 22 | 4 | 262 | 14.56 |
| **John Packenham-Walsh** | 11 | 9 | 2 | 261 | 37.29 |

## Career Batting (by ave)

| Player | M | Inns | NOs | Runs | Ave |
|:---|:---|:---|:---|:---|:---|
| **James Hylton** | 9 | 8 | 2 | 542 | 90.33 |
| **David Swann** | 21 | 20 | 5 | 755 | 50.33 |
| **Tim Hammond** | 10 | 10 | 2 | 343 | 42.88 |
| **Phil Bentley** | 19 | 18 | 2 | 683 | 42.69 |
| **Tony Purves** | 18 | 16 | 5 | 459 | 41.73 |
| **Martin Breddy** | 16 | 16 | 0 | 650 | 40.63 |
| **Steven Hornsby** | 93 | 89 | 14 | 2914 | 38.85 |
| **Mark Taylor** | 15 | 15 | 2 | 495 | 38.08 |
| **John Packenham-Walsh** | 11 | 9 | 2 | 261 | 37.29 |
| **Stuart Watson** | 14 | 14 | 4 | 370 | 37.00 |
| **Mohit Gupta** | 87 | 83 | 16 | 2074 | 30.96 |
| **Martin Goff** | 43 | 43 | 3 | 1230 | 30.75 |
| **Richard Earney** | 362 | 354 | 29 | 9297 | 28.61 |
| **Will Wright** | 25 | 24 | 2 | 601 | 27.32 |
| **Andrew Gallagher** | 138 | 132 | 12 | 3093 | 25.78 |
| **Ray Damaze** | 50 | 49 | 4 | 1144 | 25.42 |
| **Simon Barrowcliff** | 97 | 94 | 6 | 2233 | 25.38 |
| **Alf Beswick** | 66 | 60 | 7 | 1301 | 24.55 |
| **Richard Kitson** | 39 | 39 | 6 | 722 | 21.88 |
| **Richard Beswick** | 492 | 439 | 65 | 8070 | 21.58 |
| **Harry Ingham** | 71 | 61 | 16 | 969 | 21.53 |
| **Tom Rutherford** | 63 | 58 | 6 | 1080 | 20.77 |
| **Ian Marshall** | 199 | 151 | 27 | 2549 | 20.56 |
| **Alan Sylvester** | 58 | 35 | 16 | 380 | 20.00 |
| **Patrick Wigg** | 139 | 107 | 31 | 1446 | 19.03 |
| **Iqbal Miah** | 34 | 25 | 10 | 285 | 19.00 |
| **Mark Petre** | 27 | 27 | 3 | 437 | 18.21 |
| **Richard Green** | 34 | 25 | 5 | 359 | 17.95 |
| **Richard Olver** | 45 | 30 | 14 | 287 | 17.94 |
| **Andrew MacFarlane** | 34 | 30 | 0 | 530 | 17.67 |
| **Siam Amin** | 23 | 19 | 3 | 279 | 17.44 |
| **William Chapman** | 25 | 24 | 3 | 341 | 16.24 |
| **Jim Grant** | 398 | 332 | 49 | 4564 | 16.13 |
| **Mark Kirwan** | 43 | 29 | 6 | 357 | 15.52 |
| **William Calvert** | 313 | 282 | 35 | 3788 | 15.34 |
| **John Stimpfig** | 29 | 22 | 4 | 262 | 14.56 |
| **Edward Garland** | 216 | 149 | 42 | 1471 | 13.75 |
| **Andrew Slight** | 112 | 93 | 9 | 937 | 11.15 |
| **Andrew Fielding** | 39 | 35 | 2 | 340 | 10.30 |
| **David Young** | 91 | 67 | 18 | 493 | 10.06 |
| **Mark Gardiner** | 100 | 83 | 16 | 618 | 9.22 |
| **Pete Grant** | 105 | 94 | 13 | 698 | 8.62 |
| **Jerry Wright** | 379 | 183 | 72 | 922 | 8.31 |
| **Richard Coyle** | 72 | 64 | 16 | 370 | 7.71 |

## Career Bowling

| Player | M | O | M | R | W | Ave | SR |
|:---|:---|:---|:---|:---|:---|:---|:---|
| **Jerry Wright** | 379 | 2668.8 | 351 | 10509 | 536 | 19.61 | 29.87 |
| **Richard Beswick** | 492 | 2160.5 | 450 | 7983 | 441 | 18.10 | 29.39 |
| **Ian Marshall** | 199 | 1675.8 | 410 | 5083 | 272 | 18.69 | 36.97 |
| **Edward Garland** | 216 | 935.8 | 85 | 4437 | 255 | 17.40 | 22.02 |
| **Richard Earney** | 362 | 1056.7 | 103 | 4937 | 225 | 21.94 | 28.18 |
| **Patrick Wigg** | 139 | 1035.4 | 190 | 3385 | 188 | 18.01 | 33.04 |
| **William Calvert** | 313 | 650.5 | 86 | 2955 | 145 | 20.38 | 26.92 |
| **Harry Ingham** | 71 | 572.4 | 111 | 1877 | 96 | 19.55 | 35.78 |
| **Mohit Gupta** | 87 | 475 | 58 | 1858 | 90 | 20.64 | 31.67 |
| **Alan Sylvester** | 58 | 377.1 | 66 | 1416 | 76 | 18.63 | 29.77 |
| **Mark Kirwan** | 43 | 344.3 | 60 | 1159 | 71 | 16.32 | 29.10 |
| **Andrew MacFarlane** | 34 | 357.2 | 70 | 1041 | 68 | 15.31 | 31.52 |
| **Richard Green** | 34 | 265.1 | 27 | 1042 | 63 | 16.54 | 25.25 |
| **Paul O'Mahony** | 52 | 364.8 | 49 | 1445 | 57 | 25.35 | 38.40 |
| **Richard Olver** | 45 | 304 | 69 | 931 | 49 | 19.00 | 37.22 |
| **Andrew Gallagher** | 138 | 202 | 12 | 1082 | 47 | 23.02 | 25.79 |
| **Graeme Wright** | 49 | 339 | 56 | 1101 | 47 | 23.43 | 43.28 |
| **Tom Rutherford** | 63 | 256.2 | 31 | 1045 | 47 | 22.23 | 32.71 |
| **Gareth Powell** | 43 | 316.3 | 50 | 1169 | 44 | 26.57 | 43.13 |
| **Steven Hornsby** | 93 | 183.4 | 14 | 911 | 41 | 22.22 | 26.84 |
| **Iqbal Miah** | 34 | 204.7 | 24 | 937 | 40 | 23.43 | 30.71 |
| **Steve Masterson** | 25 | 225.1 | 46 | 732 | 36 | 20.33 | 37.52 |
| **Tony Purves** | 18 | 111.8 | 14 | 488 | 36 | 13.56 | 18.63 |
| **Mark Gardiner** | 100 | 139.5 | 11 | 603 | 33 | 18.27 | 25.36 |
| **Phil Bentley** | 19 | 165.9 | 30 | 518 | 31 | 16.71 | 32.11 |
| **Philip Beswick** | 46 | 125.1 | 5 | 669 | 28 | 23.89 | 26.81 |
| **Andrew Slight** | 112 | 72.8 | 2 | 429 | 26 | 16.50 | 16.80 |

## Career Bowling (by ave)

| Player | M | O | M | R | W | Ave | SR |
|:---|:---|:---|:---|:---|:---|:---|:---|
| **Tony Purves** | 18 | 111.8 | 14 | 488 | 36 | 13.56 | 18.63 |
| **Andrew MacFarlane** | 34 | 357.2 | 70 | 1041 | 68 | 15.31 | 31.52 |
| **Mark Kirwan** | 43 | 344.3 | 60 | 1159 | 71 | 16.32 | 29.10 |
| **Andrew Slight** | 112 | 72.8 | 2 | 429 | 26 | 16.50 | 16.80 |
| **Richard Green** | 34 | 265.1 | 27 | 1042 | 63 | 16.54 | 25.25 |
| **Phil Bentley** | 19 | 165.9 | 30 | 518 | 31 | 16.71 | 32.11 |
| **Edward Garland** | 216 | 935.8 | 85 | 4437 | 255 | 17.40 | 22.02 |
| **Patrick Wigg** | 139 | 1035.4 | 190 | 3385 | 188 | 18.01 | 33.04 |
| **Richard Beswick** | 492 | 2160.5 | 450 | 7983 | 441 | 18.10 | 29.39 |
| **Mark Gardiner** | 100 | 139.5 | 11 | 603 | 33 | 18.27 | 25.36 |
| **Alan Sylvester** | 58 | 377.1 | 66 | 1416 | 76 | 18.63 | 29.77 |
| **Ian Marshall** | 199 | 1675.8 | 410 | 5083 | 272 | 18.69 | 36.97 |
| **Richard Olver** | 45 | 304 | 69 | 931 | 49 | 19.00 | 37.22 |
| **Harry Ingham** | 71 | 572.4 | 111 | 1877 | 96 | 19.55 | 35.78 |
| **Jerry Wright** | 379 | 2668.8 | 351 | 10509 | 536 | 19.61 | 29.87 |
| **Steve Masterson** | 25 | 225.1 | 46 | 732 | 36 | 20.33 | 37.52 |
| **William Calvert** | 313 | 650.5 | 86 | 2955 | 145 | 20.38 | 26.92 |
| **Mohit Gupta** | 87 | 475 | 58 | 1858 | 90 | 20.64 | 31.67 |
| **Richard Earney** | 362 | 1056.7 | 103 | 4937 | 225 | 21.94 | 28.18 |
| **Steven Hornsby** | 93 | 183.4 | 14 | 911 | 41 | 22.22 | 26.84 |
| **Tom Rutherford** | 63 | 256.2 | 31 | 1045 | 47 | 22.23 | 32.71 |
| **Andrew Gallagher** | 138 | 202 | 12 | 1082 | 47 | 23.02 | 25.79 |
| **Iqbal Miah** | 34 | 204.7 | 24 | 937 | 40 | 23.43 | 30.71 |
| **Graeme Wright** | 49 | 339 | 56 | 1101 | 47 | 23.43 | 43.28 |
| **Philip Beswick** | 46 | 125.1 | 5 | 669 | 28 | 23.89 | 26.81 |
| **Paul O'Mahony** | 52 | 364.8 | 49 | 1445 | 57 | 25.35 | 38.40 |
| **Gareth Powell** | 43 | 316.3 | 50 | 1169 | 44 | 26.57 | 43.13 |