---
layout: default
title: 2022 Statistics
nav_order: 20
parent: Statistics
---

# {{page.title}}

<details open markdown="block">
  <summary>
    Table of contents
  </summary>
  {: .text-delta }
1. TOC
{:toc}
</details>

## Season Batting

| Player | Inns | No | Runs | Ave |
|:--|:--|:--|:--|:--|
| **Richard Beswick** | 8 | 1 | 222 | 31.71 |
| **Alf Beswick** | 7 | 0 | 166 | 23.71 |
| **Brock Boyd-Taylor** | 3 | 1 | 135 | 67.5 |
| **Jim Carroll** | 4 | 0 | 132 | 33 |
| **Richard Earney** | 8 | 1 | 129 | 18.43 |
| **Patrick Wigg** | 5 | 2 | 102 | 34 |
| **Jack Stacey** | 1 | 1 | 85 | - |
| **Ben Yarde-Buller** | 1 | 0 | 48 | 48 |
| **Matt Griffiths** | 1 | 0 | 47 | 47 |
| **Josh Gorner** | 3 | 0 | 45 | 15 |
| **Ivo Strawson** | 4 | 0 | 43 | 10.75 |
| **William Calvert** | 6 | 0 | 41 | 6.83 |
| **Jack Casey** | 3 | 0 | 26 | 8.67 |
| **Ishmail Matvad** | 1 | 0 | 21 | 21 |
| **Iqbal Miah** | 2 | 0 | 18 | 9 |
| **Edward Garland** | 4 | 1 | 13 | 4.33 |
| **Andrew Gallagher** | 2 | 0 | 12 | 6 |
| **Amir Khan** | 1 | 0 | 10 | 10 |
| **Jim Grant** | 2 | 0 | 8 | 4 |
| **Anush Tiwari** | 1 | 0 | 5 | 5 |
| **Ray Damaze** | 1 | 0 | 2 | 2 |
| **Christopher Wright** | 2 | 2 | 2 | - |
| **Koye Usanga** | 1 | 0 | 2 | 2 |
| **Luke Horden** | 2 | 0 | 1 | .5 |
| **Chris Etheridge** | 0 | 0 | 0 | - |
| **Mohit Gupta** | 0 | 0 | 0 | - |
| **Mikhail Gupta** | 0 | 0 | 0 | - |
| **Jim Parsloe** | 1 | 0 | 0 | 0 |

## Season Batting (by ave)

| Player | Inns | No | Runs | Ave |
|:--|:--|:--|:--|:--|
| **Brock Boyd-Taylor** | 3 | 1 | 135 | 67.5 |
| **Ben Yarde-Buller** | 1 | 0 | 48 | 48 |
| **Matt Griffiths** | 1 | 0 | 47 | 47 |
| **Patrick Wigg** | 5 | 2 | 102 | 34 |
| **Jim Carroll** | 4 | 0 | 132 | 33 |
| **Richard Beswick** | 8 | 1 | 222 | 31.71 |
| **Alf Beswick** | 7 | 0 | 166 | 23.71 |
| **Ishmail Matvad** | 1 | 0 | 21 | 21 |
| **Richard Earney** | 8 | 1 | 129 | 18.43 |
| **Josh Gorner** | 3 | 0 | 45 | 15 |
| **Ivo Strawson** | 4 | 0 | 43 | 10.75 |
| **Amir Khan** | 1 | 0 | 10 | 10 |
| **Iqbal Miah** | 2 | 0 | 18 | 9 |
| **Jack Casey** | 3 | 0 | 26 | 8.67 |
| **William Calvert** | 6 | 0 | 41 | 6.83 |
| **Andrew Gallagher** | 2 | 0 | 12 | 6 |
| **Anush Tiwari** | 1 | 0 | 5 | 5 |
| **Edward Garland** | 4 | 1 | 13 | 4.33 |
| **Jim Grant** | 2 | 0 | 8 | 4 |
| **Ray Damaze** | 1 | 0 | 2 | 2 |
| **Koye Usanga** | 1 | 0 | 2 | 2 |
| **Luke Horden** | 2 | 0 | 1 | .5 |
| **Jim Parsloe** | 1 | 0 | 0 | 0 |
| **Christopher Wright** | 2 | 2 | 2 | - |
| **Jack Stacey** | 1 | 1 | 85 | - |

## Season Bowling

| Player | O | M | Runs | Wkts | Ave | SR |
|:--|:--|:--|:--|:--|:--|
| **Patrick Wigg** | 34 | 2 | 157 | 7 | 22.43 | 29.14 |
| **Richard Beswick** | 23 | 3 | 106 | 4 | 26.5 | 34.5 |
| **Christopher Wright** | 16 | 0 | 135 | 3 | 45 | 32 |
| **Edward Garland** | 17 | 1 | 118 | 3 | 39.33 | 34 |
| **Richard Earney** | 29 | 1 | 180 | 2 | 90 | 87 |
| **Jim Carroll** | 12 | 3 | 71 | 2 | 35.5 | 36 |
| **Ishmail Matvad** | 11 | 2 | 32 | 2 | 16 | 33 |
| **Iqbal Miah** | 18 | 1 | 89 | 2 | 44.5 | 54 |
| **Chris Etheridge** | 9 | 0 | 87 | 2 | 43.5 | 27 |
| **Jim Parsloe** | 7 | 1 | 29 | 2 | 14.5 | 21 |
| **Josh Gorner** | 9 | 0 | 76 | 1 | 76 | 54 |
| **Mohit Gupta** | 7 | 1 | 29 | 1 | 29 | 42 |
| **Luke Horden** | 21.2 | 0 | 155 | 1 | 155 | 127.2 |
| **Ben Yarde-Buller** | 5 | 0 | 23 | 1 | 23 | 30 |
| **Anush Tiwari** | 5 | 1 | 23 | 1 | 23 | 30 |
| **Alf Beswick** | 1 | 0 | 21 | 0 | - | - |
| **Jack Casey** | 22 | 1 | 102 | 0 | - | - |
| **Brock Boyd-Taylor** | 3 | 0 | 28 | 0 | - | - |
| **Koye Usanga** | 1 | 0 | 13 | 0 | - | - |
| **Mikhail Gupta** | 2 | 0 | 16 | 0 | - | - |
| **Matt Griffiths** | 2.4 | 0 | 25 | 0 | - | - |
| **Amir Khan** | 8 | 0 | 50 | 0 | - | - |

## Season Bowling (by ave)

| Player | O | M | Runs | Wkts | Ave | SR |
|:--|:--|:--|:--|:--|:--|
| **Jim Parsloe** | 7 | 1 | 29 | 2 | 14.5 | 21 |
| **Ishmail Matvad** | 11 | 2 | 32 | 2 | 16 | 33 |
| **Patrick Wigg** | 34 | 2 | 157 | 7 | 22.43 | 29.14 |
| **Ben Yarde-Buller** | 5 | 0 | 23 | 1 | 23 | 30 |
| **Anush Tiwari** | 5 | 1 | 23 | 1 | 23 | 30 |
| **Richard Beswick** | 23 | 3 | 106 | 4 | 26.5 | 34.5 |
| **Mohit Gupta** | 7 | 1 | 29 | 1 | 29 | 42 |
| **Jim Carroll** | 12 | 3 | 71 | 2 | 35.5 | 36 |
| **Edward Garland** | 17 | 1 | 118 | 3 | 39.33 | 34 |
| **Chris Etheridge** | 9 | 0 | 87 | 2 | 43.5 | 27 |
| **Iqbal Miah** | 18 | 1 | 89 | 2 | 44.5 | 54 |
| **Christopher Wright** | 16 | 0 | 135 | 3 | 45 | 32 |
| **Josh Gorner** | 9 | 0 | 76 | 1 | 76 | 54 |
| **Richard Earney** | 29 | 1 | 180 | 2 | 90 | 87 |
| **Luke Horden** | 21.2 | 0 | 155 | 1 | 155 | 127.2 |

## Career Batting

| Player | Matches | Inns | NO | Runs | Ave |
|:--|:--|:--|:--|:--|:--|
| **Richard Earney** | 372 | 363 | 30 | 9426 | 28.31 |
| **Richard Beswick** | 501 | 448 | 67 | 8289 | 21.76 |
| **Jim Grant** | 403 | 334 | 49 | 4572 | 16.04 |
| **William Calvert** | 319 | 288 | 35 | 3829 | 15.13 |
| **Andrew Gallagher** | 141 | 134 | 12 | 3105 | 25.45 |
| **Steven Hornsby** | 91 | 87 | 14 | 2890 | 39.59 |
| **Ian Marshall** | 199 | 152 | 28 | 2549 | 20.56 |
| **Simon Barrowcliff** | 97 | 94 | 6 | 2233 | 25.38 |
| **Mohit Gupta** | 86 | 81 | 15 | 2056 | 31.15 |
| **Patrick Wigg** | 144 | 112 | 32 | 1550 | 19.38 |
| **Edward Garland** | 220 | 153 | 43 | 1484 | 13.49 |
| **Alf Beswick** | 73 | 67 | 7 | 1467 | 24.45 |
| **Martin Goff** | 44 | 44 | 3 | 1261 | 30.76 |
| **Ray Damaze** | 51 | 50 | 4 | 1146 | 24.91 |
| **Tom Rutherford** | 63 | 58 | 6 | 1080 | 20.77 |
| **Harry Ingham** | 71 | 61 | 16 | 969 | 21.53 |
| **Andrew Slight** | 113 | 94 | 9 | 939 | 11.05 |
| **Jerry Wright** | 378 | 183 | 72 | 922 | 8.31 |
| **David Swann** | 21 | 20 | 5 | 755 | 50.33 |
| **Richard Kitson** | 39 | 39 | 6 | 722 | 21.88 |
| **Pete Grant** | 105 | 94 | 13 | 698 | 8.62 |
| **Phil Bentley** | 19 | 18 | 2 | 683 | 42.69 |
| **Martin Breddy** | 16 | 16 | 0 | 650 | 40.63 |
| **Mark Gardiner** | 100 | 83 | 16 | 618 | 9.22 |
| **Will Wright** | 25 | 24 | 2 | 601 | 27.32 |
| **James Hylton** | 9 | 8 | 2 | 542 | 90.33 |
| **Andrew MacFarlane** | 34 | 30 | 0 | 530 | 17.67 |
| **Mark Taylor** | 15 | 15 | 2 | 495 | 38.08 |
| **David Young** | 91 | 67 | 18 | 493 | 10.06 |
| **Tony Purves** | 18 | 16 | 5 | 459 | 41.73 |
| **Mark Petre** | 27 | 27 | 3 | 437 | 18.21 |
| **Alan Sylvester** | 58 | 35 | 16 | 380 | 20.00 |
| **Richard Coyle** | 72 | 64 | 16 | 370 | 7.71 |
| **Stuart Watson** | 14 | 14 | 4 | 370 | 37.00 |
| **Richard Green** | 34 | 25 | 5 | 359 | 17.95 |
| **Mark Kirwan** | 43 | 29 | 6 | 357 | 15.52 |
| **Tim Hammond** | 10 | 10 | 2 | 343 | 42.88 |
| **William Chapman** | 25 | 24 | 3 | 341 | 16.24 |
| **Andrew Fielding** | 39 | 35 | 2 | 340 | 10.30 |
| **Jim Carroll** | 10 | 10 | 1 | 327 | 36.33 |
| **Iqbal Miah** | 36 | 27 | 10 | 303 | 17.82 |
| **Richard Olver** | 45 | 30 | 14 | 287 | 17.94 |
| **Siam Amin** | 23 | 19 | 3 | 279 | 17.44 |
| **John Stimpfig** | 29 | 22 | 4 | 262 | 14.56 |
| **John Packenham-Walsh** | 11 | 9 | 2 | 261 | 37.29 |

## Career Batting (by ave)

| Player | Matches | Inns | NO | Runs | Ave |
|:--|:--|:--|:--|:--|:--|
| **James Hylton** | 9 | 8 | 2 | 542 | 90.33 |
| **David Swann** | 21 | 20 | 5 | 755 | 50.33 |
| **Tim Hammond** | 10 | 10 | 2 | 343 | 42.88 |
| **Phil Bentley** | 19 | 18 | 2 | 683 | 42.69 |
| **Tony Purves** | 18 | 16 | 5 | 459 | 41.73 |
| **Martin Breddy** | 16 | 16 | 0 | 650 | 40.63 |
| **Steven Hornsby** | 91 | 87 | 14 | 2890 | 39.59 |
| **Mark Taylor** | 15 | 15 | 2 | 495 | 38.08 |
| **John Packenham-Walsh** | 11 | 9 | 2 | 261 | 37.29 |
| **Stuart Watson** | 14 | 14 | 4 | 370 | 37.00 |
| **Jim Carroll** | 10 | 10 | 1 | 327 | 36.33 |
| **Mohit Gupta** | 86 | 81 | 15 | 2056 | 31.15 |
| **Martin Goff** | 44 | 44 | 3 | 1261 | 30.76 |
| **Richard Earney** | 372 | 363 | 30 | 9426 | 28.31 |
| **Will Wright** | 25 | 24 | 2 | 601 | 27.32 |
| **Andrew Gallagher** | 141 | 134 | 12 | 3105 | 25.45 |
| **Simon Barrowcliff** | 97 | 94 | 6 | 2233 | 25.38 |
| **Ray Damaze** | 51 | 50 | 4 | 1146 | 24.91 |
| **Alf Beswick** | 73 | 67 | 7 | 1467 | 24.45 |
| **Richard Kitson** | 39 | 39 | 6 | 722 | 21.88 |
| **Richard Beswick** | 501 | 448 | 67 | 8289 | 21.76 |
| **Harry Ingham** | 71 | 61 | 16 | 969 | 21.53 |
| **Tom Rutherford** | 63 | 58 | 6 | 1080 | 20.77 |
| **Ian Marshall** | 199 | 152 | 28 | 2549 | 20.56 |
| **Alan Sylvester** | 58 | 35 | 16 | 380 | 20.00 |
| **Patrick Wigg** | 144 | 112 | 32 | 1550 | 19.38 |
| **Mark Petre** | 27 | 27 | 3 | 437 | 18.21 |
| **Richard Green** | 34 | 25 | 5 | 359 | 17.95 |
| **Richard Olver** | 45 | 30 | 14 | 287 | 17.94 |
| **Iqbal Miah** | 36 | 27 | 10 | 303 | 17.82 |
| **Andrew MacFarlane** | 34 | 30 | 0 | 530 | 17.67 |
| **Siam Amin** | 23 | 19 | 3 | 279 | 17.44 |
| **William Chapman** | 25 | 24 | 3 | 341 | 16.24 |
| **Jim Grant** | 403 | 334 | 49 | 4572 | 16.04 |
| **Mark Kirwan** | 43 | 29 | 6 | 357 | 15.52 |
| **William Calvert** | 319 | 288 | 35 | 3829 | 15.13 |
| **John Stimpfig** | 29 | 22 | 4 | 262 | 14.56 |
| **Edward Garland** | 220 | 153 | 43 | 1484 | 13.49 |
| **Andrew Slight** | 113 | 94 | 9 | 939 | 11.05 |
| **Andrew Fielding** | 39 | 35 | 2 | 340 | 10.30 |
| **David Young** | 91 | 67 | 18 | 493 | 10.06 |
| **Mark Gardiner** | 100 | 83 | 16 | 618 | 9.22 |
| **Pete Grant** | 105 | 94 | 13 | 698 | 8.62 |
| **Jerry Wright** | 378 | 183 | 72 | 922 | 8.31 |
| **Richard Coyle** | 72 | 64 | 16 | 370 | 7.71 |


## Career Bowling

| Player | M | O | M | Runs | Wkts | Ave | SR |
|:--|:--|:--|:--|:--|:--|
| **Jerry Wright** | 378 | 2662.5 | 350 | 10494 | 534 | 19.65 | 29.92 |
| **Richard Beswick** | 501 | 2183.2 | 453 | 8089 | 447 | 18.10 | 29.30 |
| **Ian Marshall** | 199 | 1675.8 | 410 | 5088 | 272 | 18.71 | 36.97 |
| **Edward Garland** | 220 | 952.8 | 86 | 4555 | 258 | 17.66 | 22.16 |
| **Richard Earney** | 372 | 1092.7 | 105 | 5164 | 227 | 22.75 | 28.88 |
| **Patrick Wigg** | 144 | 1069.4 | 192 | 3542 | 195 | 18.16 | 32.90 |
| **William Calvert** | 319 | 650.5 | 86 | 2955 | 145 | 20.38 | 26.92 |
| **Harry Ingham** | 71 | 572.4 | 111 | 1867 | 97 | 19.25 | 35.41 |
| **Mohit Gupta** | 86 | 470 | 56 | 1850 | 89 | 20.79 | 31.69 |
| **Alan Sylvester** | 58 | 377.1 | 66 | 1416 | 76 | 18.63 | 29.77 |
| **Mark Kirwan** | 43 | 344.3 | 60 | 1159 | 71 | 16.32 | 29.10 |
| **Andrew MacFarlane** | 34 | 357.2 | 70 | 1041 | 68 | 15.31 | 31.52 |
| **Richard Green** | 34 | 265.6 | 27 | 1042 | 63 | 16.54 | 25.30 |
| **Paul O'Mahony** | 52 | 365.8 | 49 | 1445 | 57 | 25.35 | 38.51 |
| **Richard Olver** | 45 | 304 | 69 | 931 | 49 | 19.00 | 37.22 |
| **Andrew Gallagher** | 141 | 202 | 12 | 1082 | 47 | 23.02 | 25.79 |
| **Graeme Wright** | 49 | 339 | 56 | 1101 | 47 | 23.43 | 43.28 |
| **Tom Rutherford** | 63 | 256.2 | 31 | 1045 | 47 | 22.23 | 32.71 |
| **Gareth Powell** | 43 | 316.3 | 50 | 1169 | 44 | 26.57 | 43.13 |
| **Iqbal Miah** | 36 | 222.7 | 25 | 1025 | 42 | 24.40 | 31.81 |
| **Steven Hornsby** | 91 | 183.4 | 14 | 911 | 41 | 22.22 | 26.84 |
| **Steve Masterson** | 25 | 225.1 | 46 | 732 | 36 | 20.33 | 37.52 |
| **Tony Purves** | 18 | 111.8 | 14 | 488 | 36 | 13.56 | 18.63 |
| **Mark Gardiner** | 100 | 139.5 | 11 | 603 | 33 | 18.27 | 25.36 |
| **Phil Bentley** | 19 | 165.9 | 30 | 518 | 31 | 16.71 | 32.11 |
| **Philip Beswick** | 46 | 125.1 | 5 | 669 | 28 | 23.89 | 26.81 |
| **Andrew Slight** | 113 | 75.8 | 2 | 436 | 27 | 16.15 | 16.84 |

## Career Bowling (by ave)

| Player | M | O | M | Runs | Wkts | Ave | SR |
|:--|:--|:--|:--|:--|:--|
| **Tony Purves** | 18  111.8 | 14 | 488 | 36 | 13.56 | 18.63 |
| **Andrew MacFarlane** | 34  357.2 | 70 | 1041 | 68 | 15.31 | 31.52 |
| **Andrew Slight** | 113  75.8 | 2 | 436 | 27 | 16.15 | 16.84 |
| **Mark Kirwan** | 43  344.3 | 60 | 1159 | 71 | 16.32 | 29.10 |
| **Richard Green** | 34  265.6 | 27 | 1042 | 63 | 16.54 | 25.30 |
| **Phil Bentley** | 19  165.9 | 30 | 518 | 31 | 16.71 | 32.11 |
| **Edward Garland** | 220  952.8 | 86 | 4555 | 258 | 17.66 | 22.16 |
| **Richard Beswick** | 501  2183.2 | 453 | 8089 | 447 | 18.10 | 29.30 |
| **Patrick Wigg** | 144  1069.4 | 192 | 3542 | 195 | 18.16 | 32.90 |
| **Mark Gardiner** | 100  139.5 | 11 | 603 | 33 | 18.27 | 25.36 |
| **Alan Sylvester** | 58  377.1 | 66 | 1416 | 76 | 18.63 | 29.77 |
| **Ian Marshall** | 199  1675.8 | 410 | 5088 | 272 | 18.71 | 36.97 |
| **Richard Olver** | 45  304 | 69 | 931 | 49 | 19.00 | 37.22 |
| **Harry Ingham** | 71  572.4 | 111 | 1867 | 97 | 19.25 | 35.41 |
| **Jerry Wright** | 378  2662.5 | 350 | 10494 | 534 | 19.65 | 29.92 |
| **Steve Masterson** | 25  225.1 | 46 | 732 | 36 | 20.33 | 37.52 |
| **William Calvert** | 319  650.5 | 86 | 2955 | 145 | 20.38 | 26.92 |
| **Mohit Gupta** | 86  470 | 56 | 1850 | 89 | 20.79 | 31.69 |
| **Steven Hornsby** | 91  183.4 | 14 | 911 | 41 | 22.22 | 26.84 |
| **Tom Rutherford** | 63  256.2 | 31 | 1045 | 47 | 22.23 | 32.71 |
| **Richard Earney** | 372  1092.7 | 105 | 5164 | 227 | 22.75 | 28.88 |
| **Andrew Gallagher** | 141  202 | 12 | 1082 | 47 | 23.02 | 25.79 |
| **Graeme Wright** | 49  339 | 56 | 1101 | 47 | 23.43 | 43.28 |
| **Philip Beswick** | 46  125.1 | 5 | 669 | 28 | 23.89 | 26.81 |
| **Iqbal Miah** | 36  222.7 | 25 | 1025 | 42 | 24.40 | 31.81 |
| **Paul O'Mahony** | 52  365.8 | 49 | 1445 | 57 | 25.35 | 38.51 |
| **Gareth Powell** | 43  316.3 | 50 | 1169 | 44 | 26.57 | 43.13 |