---
layout: default
title: 2022 Statistics
nav_order: 20
parent: Statistics
---

# {{page.title}}

<details open markdown="block">
  <summary>
    Table of contents
  </summary>
  {: .text-delta }
1. TOC
{:toc}
</details>

## Season Batting

| Player | Inns | No | Runs | Ave |
|:--|:--|:--|:--|:--|
| **Richard Beswick** | 10 | 1 | 249 | 27.67 |
| **Alf Beswick** | 9 | 0 | 223 | 24.78 |
| **Richard Earney** | 10 | 1 | 164 | 18.22 |
| **Brock Boyd-Taylor** | 5 | 1 | 150 | 37.5 |
| **Jim Carroll** | 5 | 0 | 138 | 27.6 |
| **Patrick Wigg** | 6 | 2 | 122 | 30.5 |
| **Jack Stacey** | 1 | 1 | 85 | - |
| **Ben Yarde-Buller** | 1 | 0 | 48 | 48 |
| **Matt Griffiths** | 1 | 0 | 47 | 47 |
| **Teja Bodaganti** | 2 | 0 | 46 | 23 |
| **Josh Gorner** | 3 | 0 | 45 | 15 |
| **Ivo Strawson** | 4 | 0 | 43 | 10.75 |
| **William Calvert** | 6 | 0 | 41 | 6.83 |
| **Jack Casey** | 4 | 0 | 37 | 9.25 |
| **Iqbal Miah** | 4 | 1 | 33 | 11 |
| **Saif Mohammed** | 1 | 0 | 24 | 24 |
| **Andrew Gallagher** | 3 | 0 | 22 | 7.33 |
| **Ishmail Matvad** | 1 | 0 | 21 | 21 |
| **Vamsi Dundigalla** | 2 | 0 | 14 | 7 |
| **Edward Garland** | 4 | 1 | 13 | 4.33 |
| **Amir Khan** | 1 | 0 | 10 | 10 |
| **Jim Grant** | 3 | 1 | 8 | 4 |
| **Anush Tiwari** | 1 | 0 | 5 | 5 |
| **Ray Damaze** | 2 | 0 | 2 | 1 |
| **Christopher Wright** | 2 | 2 | 2 | - |
| **Koye Usanga** | 1 | 0 | 2 | 2 |
| **Luke Horden** | 3 | 1 | 1 | .5 |
| **Chris Etheridge** | 0 | 0 | 0 | - |
| **Mohit Gupta** | 0 | 0 | 0 | - |
| **Mikhail Gupta** | 0 | 0 | 0 | - |
| **Jim Parsloe** | 1 | 0 | 0 | 0 |

## Season Batting (by ave)

| Player | Inns | No | Runs | Ave |
|:--|:--|:--|:--|:--|
| **Ben Yarde-Buller** | 1 | 0 | 48 | 48 |
| **Matt Griffiths** | 1 | 0 | 47 | 47 |
| **Brock Boyd-Taylor** | 5 | 1 | 150 | 37.5 |
| **Patrick Wigg** | 6 | 2 | 122 | 30.5 |
| **Richard Beswick** | 10 | 1 | 249 | 27.67 |
| **Jim Carroll** | 5 | 0 | 138 | 27.6 |
| **Alf Beswick** | 9 | 0 | 223 | 24.78 |
| **Saif Mohammed** | 1 | 0 | 24 | 24 |
| **Teja Bodaganti** | 2 | 0 | 46 | 23 |
| **Ishmail Matvad** | 1 | 0 | 21 | 21 |
| **Richard Earney** | 10 | 1 | 164 | 18.22 |
| **Josh Gorner** | 3 | 0 | 45 | 15 |
| **Iqbal Miah** | 4 | 1 | 33 | 11 |
| **Ivo Strawson** | 4 | 0 | 43 | 10.75 |
| **Amir Khan** | 1 | 0 | 10 | 10 |
| **Jack Casey** | 4 | 0 | 37 | 9.25 |
| **Andrew Gallagher** | 3 | 0 | 22 | 7.33 |
| **Vamsi Dundigalla** | 2 | 0 | 14 | 7 |
| **William Calvert** | 6 | 0 | 41 | 6.83 |
| **Anush Tiwari** | 1 | 0 | 5 | 5 |
| **Edward Garland** | 4 | 1 | 13 | 4.33 |
| **Jim Grant** | 3 | 1 | 8 | 4 |
| **Koye Usanga** | 1 | 0 | 2 | 2 |
| **Ray Damaze** | 2 | 0 | 2 | 1 |
| **Luke Horden** | 3 | 1 | 1 | .5 |
| **Jim Parsloe** | 1 | 0 | 0 | 0 |
| **Christopher Wright** | 2 | 2 | 2 | - |
| **Jack Stacey** | 1 | 1 | 85 | - |
| **Chris Etheridge** | 0 | 0 | 0 | - |
| **Mohit Gupta** | 0 | 0 | 0 | - |
| **Mikhail Gupta** | 0 | 0 | 0 | - |

## Season Bowling

| Player | O | M | Runs | Wkts | Ave | SR |
|:--|:--|:--|:--|:--|:--|
| **Patrick Wigg** | 43 | 2 | 190 | 8 | 23.75 |
| **Iqbal Miah** | 35 | 3 | 139 | 5 | 27.8 |
| **Richard Beswick** | 27 | 4 | 121 | 4 | 30.25 |
| **Luke Horden** | 25.7 | 0 | 176 | 4 | 44 |
| **Teja Bodaganti** | 14 | 3 | 50 | 4 | 12.5 |
| **Jim Carroll** | 17 | 4 | 95 | 3 | 31.67 |
| **Christopher Wright** | 16 | 0 | 135 | 3 | 45 |
| **Edward Garland** | 17 | 1 | 118 | 3 | 39.33 |
| **Saif Mohammed** | 8 | 0 | 30 | 3 | 10 |
| **Richard Earney** | 33 | 1 | 205 | 2 | 102.5 |
| **Ishmail Matvad** | 11 | 2 | 32 | 2 | 16 |
| **Chris Etheridge** | 9 | 0 | 87 | 2 | 43.5 |
| **Jim Parsloe** | 7 | 1 | 29 | 2 | 14.5 |
| **Josh Gorner** | 9 | 0 | 76 | 1 | 76 |
| **Mohit Gupta** | 7 | 1 | 29 | 1 | 29 |
| **Ben Yarde-Buller** | 5 | 0 | 23 | 1 | 23 |
| **Anush Tiwari** | 5 | 1 | 23 | 1 | 23 |
| **Vamsi Dundigalla** | 9 | 1 | 38 | 1 | 38 |
| **Alf Beswick** | 1 | 0 | 21 | 0 | - |
| **Jack Casey** | 26 | 2 | 140 | 0 | - |
| **Brock Boyd-Taylor** | 3 | 0 | 28 | 0 | - |
| **Koye Usanga** | 1 | 0 | 13 | 0 | - |
| **Mikhail Gupta** | 2 | 0 | 16 | 0 | - |
| **Matt Griffiths** | 2.4 | 0 | 25 | 0 | - |
| **Amir Khan** | 8 | 0 | 50 | 0 | - |

## Season Bowling (by ave)

| Player | O | M | Runs | Wkts | Ave | SR |
|:--|:--|:--|:--|:--|:--|
| **Saif Mohammed** | 8 | 0 | 30 | 3 | 10 |
| **Teja Bodaganti** | 14 | 3 | 50 | 4 | 12.5 |
| **Jim Parsloe** | 7 | 1 | 29 | 2 | 14.5 |
| **Ishmail Matvad** | 11 | 2 | 32 | 2 | 16 |
| **Ben Yarde-Buller** | 5 | 0 | 23 | 1 | 23 |
| **Anush Tiwari** | 5 | 1 | 23 | 1 | 23 |
| **Patrick Wigg** | 43 | 2 | 190 | 8 | 23.75 |
| **Iqbal Miah** | 35 | 3 | 139 | 5 | 27.8 |
| **Mohit Gupta** | 7 | 1 | 29 | 1 | 29 |
| **Richard Beswick** | 27 | 4 | 121 | 4 | 30.25 |
| **Jim Carroll** | 17 | 4 | 95 | 3 | 31.67 |
| **Vamsi Dundigalla** | 9 | 1 | 38 | 1 | 38 |
| **Edward Garland** | 17 | 1 | 118 | 3 | 39.33 |
| **Chris Etheridge** | 9 | 0 | 87 | 2 | 43.5 |
| **Luke Horden** | 25.7 | 0 | 176 | 4 | 44 |
| **Christopher Wright** | 16 | 0 | 135 | 3 | 45 |
| **Josh Gorner** | 9 | 0 | 76 | 1 | 76 |
| **Richard Earney** | 33 | 1 | 205 | 2 | 102.5 |

## Career Batting

| Player | Matches | Inns | NO | Runs | Ave |
|:--|:--|:--|:--|:--|:--|
| **Richard Earney** | 374 | 365 | 30 | 9461 | 28.24 |
| **Richard Beswick** | 503 | 450 | 67 | 8316 | 21.71 |
| **Jim Grant** | 405 | 335 | 50 | 4572 | 16.04 |
| **William Calvert** | 319 | 288 | 35 | 3829 | 15.13 |
| **Andrew Gallagher** | 142 | 135 | 12 | 3115 | 25.33 |
| **Steven Hornsby** | 91 | 87 | 14 | 2890 | 39.59 |
| **Ian Marshall** | 199 | 152 | 28 | 2549 | 20.56 |
| **Simon Barrowcliff** | 97 | 94 | 6 | 2233 | 25.38 |
| **Mohit Gupta** | 86 | 81 | 15 | 2056 | 31.15 |
| **Patrick Wigg** | 145 | 113 | 32 | 1570 | 19.38 |
| **Alf Beswick** | 75 | 69 | 7 | 1524 | 24.58 |
| **Edward Garland** | 220 | 153 | 43 | 1484 | 13.49 |
| **Martin Goff** | 44 | 44 | 3 | 1261 | 30.76 |
| **Ray Damaze** | 52 | 51 | 4 | 1146 | 24.38 |
| **Tom Rutherford** | 63 | 58 | 6 | 1080 | 20.77 |
| **Harry Ingham** | 71 | 61 | 16 | 969 | 21.53 |
| **Andrew Slight** | 113 | 94 | 9 | 939 | 11.05 |
| **Jerry Wright** | 378 | 183 | 72 | 922 | 8.31 |
| **David Swann** | 21 | 20 | 5 | 755 | 50.33 |
| **Richard Kitson** | 39 | 39 | 6 | 722 | 21.88 |
| **Pete Grant** | 105 | 94 | 13 | 698 | 8.62 |
| **Phil Bentley** | 19 | 18 | 2 | 683 | 42.69 |
| **Martin Breddy** | 16 | 16 | 0 | 650 | 40.63 |
| **Mark Gardiner** | 100 | 83 | 16 | 618 | 9.22 |
| **Will Wright** | 25 | 24 | 2 | 601 | 27.32 |
| **James Hylton** | 9 | 8 | 2 | 542 | 90.33 |
| **Andrew MacFarlane** | 34 | 30 | 0 | 530 | 17.67 |
| **Mark Taylor** | 15 | 15 | 2 | 495 | 38.08 |
| **David Young** | 91 | 67 | 18 | 493 | 10.06 |
| **Tony Purves** | 18 | 16 | 5 | 459 | 41.73 |
| **Mark Petre** | 27 | 27 | 3 | 437 | 18.21 |
| **Alan Sylvester** | 58 | 35 | 16 | 380 | 20.00 |
| **Richard Coyle** | 72 | 64 | 16 | 370 | 7.71 |
| **Stuart Watson** | 14 | 14 | 4 | 370 | 37.00 |
| **Richard Green** | 34 | 25 | 5 | 359 | 17.95 |
| **Mark Kirwan** | 43 | 29 | 6 | 357 | 15.52 |
| **Tim Hammond** | 10 | 10 | 2 | 343 | 42.88 |
| **William Chapman** | 25 | 24 | 3 | 341 | 16.24 |
| **Andrew Fielding** | 39 | 35 | 2 | 340 | 10.30 |
| **Jim Carroll** | 11 | 11 | 1 | 333 | 33.30 |
| **Iqbal Miah** | 38 | 29 | 11 | 318 | 17.67 |
| **Richard Olver** | 45 | 30 | 14 | 287 | 17.94 |
| **Siam Amin** | 23 | 19 | 3 | 279 | 17.44 |
| **John Stimpfig** | 29 | 22 | 4 | 262 | 14.56 |
| **John Packenham-Walsh** | 11 | 9 | 2 | 261 | 37.29 |

## Career Batting (by ave)

| Player | Matches | Inns | NO | Runs | Ave |
|:--|:--|:--|:--|:--|:--|
| **James Hylton** | 9 | 8 | 2 | 542 | 90.33 |
| **David Swann** | 21 | 20 | 5 | 755 | 50.33 |
| **Tim Hammond** | 10 | 10 | 2 | 343 | 42.88 |
| **Phil Bentley** | 19 | 18 | 2 | 683 | 42.69 |
| **Tony Purves** | 18 | 16 | 5 | 459 | 41.73 |
| **Martin Breddy** | 16 | 16 | 0 | 650 | 40.63 |
| **Steven Hornsby** | 91 | 87 | 14 | 2890 | 39.59 |
| **Mark Taylor** | 15 | 15 | 2 | 495 | 38.08 |
| **John Packenham-Walsh** | 11 | 9 | 2 | 261 | 37.29 |
| **Stuart Watson** | 14 | 14 | 4 | 370 | 37.00 |
| **Jim Carroll** | 11 | 11 | 1 | 333 | 33.30 |
| **Mohit Gupta** | 86 | 81 | 15 | 2056 | 31.15 |
| **Martin Goff** | 44 | 44 | 3 | 1261 | 30.76 |
| **Richard Earney** | 374 | 365 | 30 | 9461 | 28.24 |
| **Will Wright** | 25 | 24 | 2 | 601 | 27.32 |
| **Simon Barrowcliff** | 97 | 94 | 6 | 2233 | 25.38 |
| **Andrew Gallagher** | 142 | 135 | 12 | 3115 | 25.33 |
| **Alf Beswick** | 75 | 69 | 7 | 1524 | 24.58 |
| **Ray Damaze** | 52 | 51 | 4 | 1146 | 24.38 |
| **Richard Kitson** | 39 | 39 | 6 | 722 | 21.88 |
| **Richard Beswick** | 503 | 450 | 67 | 8316 | 21.71 |
| **Harry Ingham** | 71 | 61 | 16 | 969 | 21.53 |
| **Tom Rutherford** | 63 | 58 | 6 | 1080 | 20.77 |
| **Ian Marshall** | 199 | 152 | 28 | 2549 | 20.56 |
| **Alan Sylvester** | 58 | 35 | 16 | 380 | 20.00 |
| **Patrick Wigg** | 145 | 113 | 32 | 1570 | 19.38 |
| **Mark Petre** | 27 | 27 | 3 | 437 | 18.21 |
| **Richard Green** | 34 | 25 | 5 | 359 | 17.95 |
| **Richard Olver** | 45 | 30 | 14 | 287 | 17.94 |
| **Andrew MacFarlane** | 34 | 30 | 0 | 530 | 17.67 |
| **Iqbal Miah** | 38 | 29 | 11 | 318 | 17.67 |
| **Siam Amin** | 23 | 19 | 3 | 279 | 17.44 |
| **William Chapman** | 25 | 24 | 3 | 341 | 16.24 |
| **Jim Grant** | 405 | 335 | 50 | 4572 | 16.04 |
| **Mark Kirwan** | 43 | 29 | 6 | 357 | 15.52 |
| **William Calvert** | 319 | 288 | 35 | 3829 | 15.13 |
| **John Stimpfig** | 29 | 22 | 4 | 262 | 14.56 |
| **Edward Garland** | 220 | 153 | 43 | 1484 | 13.49 |
| **Andrew Slight** | 113 | 94 | 9 | 939 | 11.05 |
| **Andrew Fielding** | 39 | 35 | 2 | 340 | 10.30 |
| **David Young** | 91 | 67 | 18 | 493 | 10.06 |
| **Mark Gardiner** | 100 | 83 | 16 | 618 | 9.22 |
| **Pete Grant** | 105 | 94 | 13 | 698 | 8.62 |
| **Jerry Wright** | 378 | 183 | 72 | 922 | 8.31 |
| **Richard Coyle** | 72 | 64 | 16 | 370 | 7.71 |

## Career Bowling

| Player | M | O | M | Runs | Wkts | Ave | SR |
|:--|:--|:--|:--|:--|:--|
| **Jerry Wright** | 378 | 2662.5 | 350 | 10494 | 534 | 19.65 | 29.92 |
| **Richard Beswick** | 503 | 2187.2 | 454 | 8104 | 447 | 18.13 | 29.36 |
| **Ian Marshall** | 199 | 1675.8 | 410 | 5088 | 272 | 18.71 | 36.97 |
| **Edward Garland** | 220 | 952.8 | 86 | 4555 | 258 | 17.66 | 22.16 |
| **Richard Earney** | 374 | 1096.7 | 105 | 5189 | 227 | 22.86 | 28.99 |
| **Patrick Wigg** | 145 | 1078.4 | 192 | 3575 | 196 | 18.24 | 33.01 |
| **William Calvert** | 319 | 650.5 | 86 | 2955 | 145 | 20.38 | 26.92 |
| **Harry Ingham** | 71 | 572.4 | 111 | 1867 | 97 | 19.25 | 35.41 |
| **Mohit Gupta** | 86 | 470 | 56 | 1850 | 89 | 20.79 | 31.69 |
| **Alan Sylvester** | 58 | 377.1 | 66 | 1416 | 76 | 18.63 | 29.77 |
| **Mark Kirwan** | 43 | 344.3 | 60 | 1159 | 71 | 16.32 | 29.10 |
| **Andrew MacFarlane** | 34 | 357.2 | 70 | 1041 | 68 | 15.31 | 31.52 |
| **Richard Green** | 34 | 265.6 | 27 | 1042 | 63 | 16.54 | 25.30 |
| **Paul O'Mahony** | 52 | 365.8 | 49 | 1445 | 57 | 25.35 | 38.51 |
| **Richard Olver** | 45 | 304 | 69 | 931 | 49 | 19.00 | 37.22 |
| **Andrew Gallagher** | 142 | 202 | 12 | 1082 | 47 | 23.02 | 25.79 |
| **Graeme Wright** | 49 | 339 | 56 | 1101 | 47 | 23.43 | 43.28 |
| **Tom Rutherford** | 63 | 256.2 | 31 | 1045 | 47 | 22.23 | 32.71 |
| **Iqbal Miah** | 38 | 239.7 | 27 | 1075 | 45 | 23.89 | 31.96 |
| **Gareth Powell** | 43 | 316.3 | 50 | 1169 | 44 | 26.57 | 43.13 |
| **Steven Hornsby** | 91 | 183.4 | 14 | 911 | 41 | 22.22 | 26.84 |
| **Steve Masterson** | 25 | 225.1 | 46 | 732 | 36 | 20.33 | 37.52 |
| **Tony Purves** | 18 | 111.8 | 14 | 488 | 36 | 13.56 | 18.63 |
| **Mark Gardiner** | 100 | 139.5 | 11 | 603 | 33 | 18.27 | 25.36 |
| **Phil Bentley** | 19 | 165.9 | 30 | 518 | 31 | 16.71 | 32.11 |
| **Philip Beswick** | 46 | 125.1 | 5 | 669 | 28 | 23.89 | 26.81 |
| **Andrew Slight** | 113 | 75.8 | 2 | 436 | 27 | 16.15 | 16.84 |

## Career Bowling (by ave)

| Player | M | O | M | Runs | Wkts | Ave | SR |
|:--|:--|:--|:--|:--|:--|
| **Tony Purves** | 18 | 111.8 | 14 | 488 | 36 | 13.56 | 18.63 |
| **Andrew MacFarlane** | 34 | 357.2 | 70 | 1041 | 68 | 15.31 | 31.52 |
| **Andrew Slight** | 113 | 75.8 | 2 | 436 | 27 | 16.15 | 16.84 |
| **Mark Kirwan** | 43 | 344.3 | 60 | 1159 | 71 | 16.32 | 29.10 |
| **Richard Green** | 34 | 265.6 | 27 | 1042 | 63 | 16.54 | 25.30 |
| **Phil Bentley** | 19 | 165.9 | 30 | 518 | 31 | 16.71 | 32.11 |
| **Edward Garland** | 220 | 952.8 | 86 | 4555 | 258 | 17.66 | 22.16 |
| **Richard Beswick** | 503 | 2187.2 | 454 | 8104 | 447 | 18.13 | 29.36 |
| **Patrick Wigg** | 145 | 1078.4 | 192 | 3575 | 196 | 18.24 | 33.01 |
| **Mark Gardiner** | 100 | 139.5 | 11 | 603 | 33 | 18.27 | 25.36 |
| **Alan Sylvester** | 58 | 377.1 | 66 | 1416 | 76 | 18.63 | 29.77 |
| **Ian Marshall** | 199 | 1675.8 | 410 | 5088 | 272 | 18.71 | 36.97 |
| **Richard Olver** | 45 | 304 | 69 | 931 | 49 | 19.00 | 37.22 |
| **Harry Ingham** | 71 | 572.4 | 111 | 1867 | 97 | 19.25 | 35.41 |
| **Jerry Wright** | 378 | 2662.5 | 350 | 10494 | 534 | 19.65 | 29.92 |
| **Steve Masterson** | 25 | 225.1 | 46 | 732 | 36 | 20.33 | 37.52 |
| **William Calvert** | 319 | 650.5 | 86 | 2955 | 145 | 20.38 | 26.92 |
| **Mohit Gupta** | 86 | 470 | 56 | 1850 | 89 | 20.79 | 31.69 |
| **Steven Hornsby** | 91 | 183.4 | 14 | 911 | 41 | 22.22 | 26.84 |
| **Tom Rutherford** | 63 | 256.2 | 31 | 1045 | 47 | 22.23 | 32.71 |
| **Richard Earney** | 374 | 1096.7 | 105 | 5189 | 227 | 22.86 | 28.99 |
| **Andrew Gallagher** | 142 | 202 | 12 | 1082 | 47 | 23.02 | 25.79 |
| **Graeme Wright** | 49 | 339 | 56 | 1101 | 47 | 23.43 | 43.28 |
| **Iqbal Miah** | 38 | 239.7 | 27 | 1075 | 45 | 23.89 | 31.96 |
| **Philip Beswick** | 46 | 125.1 | 5 | 669 | 28 | 23.89 | 26.81 |
| **Paul O'Mahony** | 52 | 365.8 | 49 | 1445 | 57 | 25.35 | 38.51 |
| **Gareth Powell** | 43 | 316.3 | 50 | 1169 | 44 | 26.57 | 43.13 |