---
layout: default
title: 2022 Statistics
nav_order: 20
parent: Statistics
---

# {{page.title}}

<details open markdown="block">
  <summary>
    Table of contents
  </summary>
  {: .text-delta }
1. TOC
{:toc}
</details>

## Season Batting

| Player | Inns | No | Runs | Ave |
|:--|:--|:--|:--|:--|
| **Jim Carroll** | 1 | 0 | 46 | 46 |
| **Josh Gorner** | 1 | 0 | 23 | 23 |
| **Ishmail Matvad** | 1 | 0 | 21 | 21 |
| **Richard Beswick** | 1 | 0 | 19 | 19 |
| **Richard Earney** | 1 | 0 | 5 | 5 |
| **Jack Casey** | 1 | 0 | 4 | 4 |
| **Ray Damaze** | 1 | 0 | 2 | 2 |
| **Iqbal Miah** | 1 | 0 | 2 | 2 |
| **Patrick Wigg** | 1 | 1 | 1 | - |
| **Alf Beswick** | 1 | 0 | 0 | 0 |
| **Jim Grant** | 0 | 0 | 0 | - |

## Season Batting (by ave)

| Player | Inns | No | Runs | Ave |
|:--|:--|:--|:--|:--|
| **Jim Carroll** | 1 | 0 | 46 | 46 |
| **Josh Gorner** | 1 | 0 | 23 | 23 |
| **Ishmail Matvad** | 1 | 0 | 21 | 21 |
| **Richard Beswick** | 1 | 0 | 19 | 19 |
| **Richard Earney** | 1 | 0 | 5 | 5 |
| **Jack Casey** | 1 | 0 | 4 | 4 |
| **Ray Damaze** | 1 | 0 | 2 | 2 |
| **Iqbal Miah** | 1 | 0 | 2 | 2 |
| **Patrick Wigg** | 1 | 1 | 1 | - |
| **Alf Beswick** | 1 | 0 | 0 | 0 |
| **Jim Grant** | 0 | 0 | 0 | - |

## Season Bowling

| Player | O | M | Runs | Wkts | Ave | SR |
|:--|:--|:--|:--|:--|:--|
| **Ishmail Matvad** | 11 | 2 | 31 | 2 | 15.50 | 33 |
| **Iqbal Miah** | 10 | 0 | 56 | 1 | 56 | 60 |
| **Jack Casey** | 8 | 1 | 31 | 0 | 31 | 48 |
| **Jim Carroll** | 2 | 0 | 13 | 0 | - | - |
| **Josh Gorner** | 4 | 0 | 35 | 0 | - | - |
| **Patrick Wigg** | 8 | 0 | 27 | 0 | - | - |

## Season Bowling (by ave)

| Player | O | M | Runs | Wkts | Ave | SR |
|:--|:--|:--|:--|:--|:--|
| **Ishmail Matvad** | 11 | 2 | 31 | 2 | 15.50 | 33 |
| **Iqbal Miah** | 10 | 0 | 56 | 1 | 56 | 60 |
| **Jack Casey** | 8 | 1 | 31 | 0 | 31 | 48 |
| **Jim Carroll** | 2 | 0 | 13 | 0 | - | - |
| **Josh Gorner** | 4 | 0 | 35 | 0 | - | - |
| **Patrick Wigg** | 8 | 0 | 27 | 0 | - | - |

## Career Batting

| Player | M | Inns | NOs | Runs | Ave |
|:---|:---|:---|:---|:---|:---|
| **Richard Earney	365** | 356 | 29 | 9302 | 28.45 |
| **Richard Beswick	494** | 441 | 66 | 8086 | 21.56 |
| **Jim Grant	399** | 332 | 49 | 4564 | 16.13 |
| **William Calvert	313** | 282 | 35 | 3788 | 15.34 |
| **Andrew Gallagher	138** | 132 | 12 | 3093 | 25.78 |
| **Steven Hornsby	91** | 87 | 14 | 2890 | 39.59 |
| **Ian Marshall	199** | 152 | 28 | 2549 | 20.56 |
| **Simon Barrowcliff	97** | 94 | 6 | 2233 | 25.38 |
| **Mohit Gupta	85** | 81 | 15 | 2056 | 31.15 |
| **Edward Garland	216** | 149 | 42 | 1471 | 13.75 |
| **Patrick Wigg	140** | 108 | 31 | 1449 | 18.82 |
| **Alf Beswick	67** | 61 | 7 | 1301 | 24.09 |
| **Martin Goff	44** | 44 | 3 | 1261 | 30.76 |
| **Ray Damaze	51** | 50 | 4 | 1146 | 24.91 |
| **Tom Rutherford	63** | 58 | 6 | 1080 | 20.77 |
| **Harry Ingham	71** | 61 | 16 | 969 | 21.53 |
| **Andrew Slight	113** | 94 | 9 | 939 | 11.05 |
| **Jerry Wright	378** | 183 | 72 | 922 | 8.31 |
| **David Swann	21** | 20 | 5 | 755 | 50.33 |
| **Richard Kitson	39** | 39 | 6 | 722 | 21.88 |
| **Pete Grant	105** | 94 | 13 | 698 | 8.62 |
| **Phil Bentley	19** | 18 | 2 | 683 | 42.69 |
| **Martin Breddy	16** | 16 | 0 | 650 | 40.63 |
| **Mark Gardiner	100** | 83 | 16 | 618 | 9.22 |
| **Will Wright	25** | 24 | 2 | 601 | 27.32 |
| **James Hylton	9** | 8 | 2 | 542 | 90.33 |
| **Andrew MacFarlane	34** | 30 | 0 | 530 | 17.67 |
| **Mark Taylor	15** | 15 | 2 | 495 | 38.08 |
| **David Young	91** | 67 | 18 | 493 | 10.06 |
| **Tony Purves	18** | 16 | 5 | 459 | 41.73 |
| **Mark Petre	27** | 27 | 3 | 437 | 18.21 |
| **Alan Sylvester	58** | 35 | 16 | 380 | 20.00 |
| **Richard Coyle	72** | 64 | 16 | 370 | 7.71 |
| **Stuart Watson	14** | 14 | 4 | 370 | 37.00 |
| **Richard Green	34** | 25 | 5 | 359 | 17.95 |
| **Mark Kirwan	43** | 29 | 6 | 357 | 15.52 |
| **Tim Hammond	10** | 10 | 2 | 343 | 42.88 |
| **William Chapman	25** | 24 | 3 | 341 | 16.24 |
| **Andrew Fielding	39** | 35 | 2 | 340 | 10.30 |
| **Iqbal Miah	35** | 26 | 10 | 287 | 17.94 |
| **Richard Olver	45** | 30 | 14 | 287 | 17.94 |
| **Siam Amin	23** | 19 | 3 | 279 | 17.44 |
| **John Stimpfig	29** | 22 | 4 | 262 | 14.56 |
| **John Packenham-Walsh	11** | 9 | 2 | 261 | 37.29 |

## Career Batting (by ave)

| Player | M | Inns | NOs | Runs | Ave |
|:---|:---|:---|:---|:---|:---|
| **James Hylton** | 9 | 8 | 2 | 542 | 90.33 |
| **David Swann** | 21 | 20 | 5 | 755 | 50.33 |
| **Tim Hammond** | 10 | 10 | 2 | 343 | 42.88 |
| **Phil Bentley** | 19 | 18 | 2 | 683 | 42.69 |
| **Tony Purves** | 18 | 16 | 5 | 459 | 41.73 |
| **Martin Breddy** | 16 | 16 | 0 | 650 | 40.63 |
| **Steven Hornsby** | 91 | 87 | 14 | 2890 | 39.59 |
| **Mark Taylor** | 15 | 15 | 2 | 495 | 38.08 |
| **John Packenham-Walsh** | 11 | 9 | 2 | 261 | 37.29 |
| **Stuart Watson** | 14 | 14 | 4 | 370 | 37.00 |
| **Mohit Gupta** | 85 | 81 | 15 | 2056 | 31.15 |
| **Martin Goff** | 44 | 44 | 3 | 1261 | 30.76 |
| **Richard Earney** | 365 | 356 | 29 | 9302 | 28.45 |
| **Will Wright** | 25 | 24 | 2 | 601 | 27.32 |
| **Andrew Gallagher** | 138 | 132 | 12 | 3093 | 25.78 |
| **Simon Barrowcliff** | 97 | 94 | 6 | 2233 | 25.38 |
| **Ray Damaze** | 51 | 50 | 4 | 1146 | 24.91 |
| **Alf Beswick** | 67 | 61 | 7 | 1301 | 24.09 |
| **Richard Kitson** | 39 | 39 | 6 | 722 | 21.88 |
| **Richard Beswick** | 494 | 441 | 66 | 8086 | 21.56 |
| **Harry Ingham** | 71 | 61 | 16 | 969 | 21.53 |
| **Tom Rutherford** | 63 | 58 | 6 | 1080 | 20.77 |
| **Ian Marshall** | 199 | 152 | 28 | 2549 | 20.56 |
| **Alan Sylvester** | 58 | 35 | 16 | 380 | 20.00 |
| **Patrick Wigg** | 140 | 108 | 31 | 1449 | 18.82 |
| **Mark Petre** | 27 | 27 | 3 | 437 | 18.21 |
| **Richard Green** | 34 | 25 | 5 | 359 | 17.95 |
| **Iqbal Miah** | 35 | 26 | 10 | 287 | 17.94 |
| **Richard Olver** | 45 | 30 | 14 | 287 | 17.94 |
| **Andrew MacFarlane** | 34 | 30 | 0 | 530 | 17.67 |
| **Siam Amin** | 23 | 19 | 3 | 279 | 17.44 |
| **William Chapman** | 25 | 24 | 3 | 341 | 16.24 |
| **Jim Grant** | 399 | 332 | 49 | 4564 | 16.13 |
| **Mark Kirwan** | 43 | 29 | 6 | 357 | 15.52 |
| **William Calvert** | 313 | 282 | 35 | 3788 | 15.34 |
| **John Stimpfig** | 29 | 22 | 4 | 262 | 14.56 |
| **Edward Garland** | 216 | 149 | 42 | 1471 | 13.75 |
| **Andrew Slight** | 113 | 94 | 9 | 939 | 11.05 |
| **Andrew Fielding** | 39 | 35 | 2 | 340 | 10.30 |
| **David Young** | 91 | 67 | 18 | 493 | 10.06 |
| **Mark Gardiner** | 100 | 83 | 16 | 618 | 9.22 |
| **Pete Grant** | 105 | 94 | 13 | 698 | 8.62 |
| **Jerry Wright** | 378 | 183 | 72 | 922 | 8.31 |
| **Richard Coyle** | 72 | 64 | 16 | 370 | 7.71 |

## Career Bowling

| Player | M | O | M | R | W | Ave | SR |
|:---|:---|:---|:---|:---|:---|:---|:---|
| **Jerry Wright** | 378 | 2662.5 | 350 | 10494 | 534 | 19.65 | 29.92 |
| **Richard Beswick** | 494 | 2160.2 | 450 | 7983 | 443 | 18.02 | 29.26 |
| **Ian Marshall** | 199 | 1675.8 | 410 | 5088 | 272 | 18.71 | 36.97 |
| **Edward Garland** | 216 | 935.8 | 85 | 4437 | 255 | 17.40 | 22.02 |
| **Richard Earney** | 365 | 1063.7 | 104 | 4984 | 225 | 22.15 | 28.37 |
| **Patrick Wigg** | 140 | 1043.4 | 190 | 3412 | 188 | 18.15 | 33.30 |
| **William Calvert** | 313 | 650.5 | 86 | 2955 | 145 | 20.38 | 26.92 |
| **Harry Ingham** | 71 | 572.4 | 111 | 1867 | 97 | 19.25 | 35.41 |
| **Mohit Gupta** | 85 | 463 | 55 | 1821 | 88 | 20.69 | 31.57 |
| **Alan Sylvester** | 58 | 377.1 | 66 | 1416 | 76 | 18.63 | 29.77 |
| **Mark Kirwan** | 43 | 344.3 | 60 | 1159 | 71 | 16.32 | 29.10 |
| **Andrew MacFarlane** | 34 | 357.2 | 70 | 1041 | 68 | 15.31 | 31.52 |
| **Richard Green** | 34 | 265.6 | 27 | 1042 | 63 | 16.54 | 25.30 |
| **Paul O'Mahony** | 52 | 365.8 | 49 | 1445 | 57 | 25.35 | 38.51 |
| **Richard Olver** | 45 | 304 | 69 | 931 | 49 | 19.00 | 37.22 |
| **Andrew Gallagher** | 138 | 202 | 12 | 1082 | 47 | 23.02 | 25.79 |
| **Graeme Wright** | 49 | 339 | 56 | 1101 | 47 | 23.43 | 43.28 |
| **Tom Rutherford** | 63 | 256.2 | 31 | 1045 | 47 | 22.23 | 32.71 |
| **Gareth Powell** | 43 | 316.3 | 50 | 1169 | 44 | 26.57 | 43.13 |
| **Iqbal Miah** | 35 | 214.7 | 24 | 992 | 41 | 24.20 | 31.42 |
| **Steven Hornsby** | 91 | 183.4 | 14 | 911 | 41 | 22.22 | 26.84 |
| **Steve Masterson** | 25 | 225.1 | 46 | 732 | 36 | 20.33 | 37.52 |
| **Tony Purves** | 18 | 111.8 | 14 | 488 | 36 | 13.56 | 18.63 |
| **Mark Gardiner** | 100 | 139.5 | 11 | 603 | 33 | 18.27 | 25.36 |
| **Phil Bentley** | 19 | 165.9 | 30 | 518 | 31 | 16.71 | 32.11 |
| **Philip Beswick** | 46 | 125.1 | 5 | 669 | 28 | 23.89 | 26.81 |
| **Andrew Slight** | 113 | 75.8 | 2 | 436 | 27 | 16.15 | 16.84 |

## Career Bowling (by ave)

| Player | M | O | M | R | W | Ave | SR |
|:---|:---|:---|:---|:---|:---|:---|:---|
| **Tony Purves** | 18 | 111.8 | 14 | 488 | 36 | 13.56 | 18.63 |
| **Andrew MacFarlane** | 34 | 357.2 | 70 | 1041 | 68 | 15.31 | 31.52 |
| **Andrew Slight** | 113 | 75.8 | 2 | 436 | 27 | 16.15 | 16.84 |
| **Mark Kirwan** | 43 | 344.3 | 60 | 1159 | 71 | 16.32 | 29.10 |
| **Richard Green** | 34 | 265.6 | 27 | 1042 | 63 | 16.54 | 25.30 |
| **Phil Bentley** | 19 | 165.9 | 30 | 518 | 31 | 16.71 | 32.11 |
| **Edward Garland** | 216 | 935.8 | 85 | 4437 | 255 | 17.40 | 22.02 |
| **Richard Beswick** | 494 | 2160.2 | 450 | 7983 | 443 | 18.02 | 29.26 |
| **Patrick Wigg** | 140 | 1043.4 | 190 | 3412 | 188 | 18.15 | 33.30 |
| **Mark Gardiner** | 100 | 139.5 | 11 | 603 | 33 | 18.27 | 25.36 |
| **Alan Sylvester** | 58 | 377.1 | 66 | 1416 | 76 | 18.63 | 29.77 |
| **Ian Marshall** | 199 | 1675.8 | 410 | 5088 | 272 | 18.71 | 36.97 |
| **Richard Olver** | 45 | 304 | 69 | 931 | 49 | 19.00 | 37.22 |
| **Harry Ingham** | 71 | 572.4 | 111 | 1867 | 97 | 19.25 | 35.41 |
| **Jerry Wright** | 378 | 2662.5 | 350 | 10494 | 534 | 19.65 | 29.92 |
| **Steve Masterson** | 25 | 225.1 | 46 | 732 | 36 | 20.33 | 37.52 |
| **William Calvert** | 313 | 650.5 | 86 | 2955 | 145 | 20.38 | 26.92 |
| **Mohit Gupta** | 85 | 463 | 55 | 1821 | 88 | 20.69 | 31.57 |
| **Richard Earney** | 365 | 1063.7 | 104 | 4984 | 225 | 22.15 | 28.37 |
| **Steven Hornsby** | 91 | 183.4 | 14 | 911 | 41 | 22.22 | 26.84 |
| **Tom Rutherford** | 63 | 256.2 | 31 | 1045 | 47 | 22.23 | 32.71 |
| **Andrew Gallagher** | 138 | 202 | 12 | 1082 | 47 | 23.02 | 25.79 |
| **Graeme Wright** | 49 | 339 | 56 | 1101 | 47 | 23.43 | 43.28 |
| **Philip Beswick** | 46 | 125.1 | 5 | 669 | 28 | 23.89 | 26.81 |
| **Iqbal Miah** | 35 | 214.7 | 24 | 992 | 41 | 24.20 | 31.42 |
| **Paul O'Mahony** | 52 | 365.8 | 49 | 1445 | 57 | 25.35 | 38.51 |
| **Gareth Powell** | 43 | 316.3 | 50 | 1169 | 44 | 26.57 | 43.13 |