---
layout: default
title: 2022 Statistics
nav_order: 20
parent: Statistics
---

# {{page.title}}

<details open markdown="block">
  <summary>
    Table of contents
  </summary>
  {: .text-delta }
1. TOC
{:toc}
</details>

## Season Batting

| Player | Inns | No | Runs | Ave |
|:--|:--|:--|:--|:--|
| **Richard Beswick** | 5 | 1 | 180 | 45 |
| **Brock Boyd-Taylor** | 3 | 1 | 135 | 67.5 |
| **Jim Carroll** | 4 | 0 | 132 | 33 |
| **Richard Earney** | 5 | 1 | 101 | 25.25 |
| **Jack Stacey** | 1 | 1 | 85 | - |
| **Ivo Strawson** | 3 | 0 | 36 | 12 |
| **Alf Beswick** | 4 | 0 | 35 | 8.75 |
| **Josh Gorner** | 1 | 0 | 23 | 23 |
| **Ishmail Matvad** | 1 | 0 | 21 | 21 |
| **Jack Casey** | 2 | 0 | 21 | 10.5 |
| **Andrew Gallagher** | 1 | 0 | 12 | 12 |
| **Patrick Wigg** | 3 | 1 | 11 | 5.5 |
| **Jim Grant** | 1 | 0 | 8 | 8 |
| **Edward Garland** | 1 | 0 | 4 | 4 |
| **Ray Damaze** | 1 | 0 | 2 | 2 |
| **Iqbal Miah** | 1 | 0 | 2 | 2 |
| **William Calvert** | 3 | 0 | 2 | .67 |
| **Christopher Wright** | 2 | 2 | 2 | - |
| **Koye Usanga** | 1 | 0 | 2 | 2 |
| **Chris Etheridge** | 0 | 0 | 0 | - |
| **Mohit Gupta** | 0 | 0 | 0 | - |
| **Mikhail Gupta** | 0 | 0 | 0 | - |
| **Jim Parsloe** | 1 | 0 | 0 | 0 |
| **Luke Horden** | 0 | 0 | 0 | - |

## Season Batting (by ave)

| Player | Inns | No | Runs | Ave |
|:--|:--|:--|:--|:--|
| **Brock Boyd-Taylor** | 3 | 1 | 135 | 67.5 |
| **Richard Beswick** | 5 | 1 | 180 | 45 |
| **Jim Carroll** | 4 | 0 | 132 | 33 |
| **Richard Earney** | 5 | 1 | 101 | 25.25 |
| **Josh Gorner** | 1 | 0 | 23 | 23 |
| **Ishmail Matvad** | 1 | 0 | 21 | 21 |
| **Ivo Strawson** | 3 | 0 | 36 | 12 |
| **Andrew Gallagher** | 1 | 0 | 12 | 12 |
| **Jack Casey** | 2 | 0 | 21 | 10.5 |
| **Alf Beswick** | 4 | 0 | 35 | 8.75 |
| **Jim Grant** | 1 | 0 | 8 | 8 |
| **Patrick Wigg** | 3 | 1 | 11 | 5.5 |
| **Edward Garland** | 1 | 0 | 4 | 4 |
| **Ray Damaze** | 1 | 0 | 2 | 2 |
| **Iqbal Miah** | 1 | 0 | 2 | 2 |
| **Koye Usanga** | 1 | 0 | 2 | 2 |
| **William Calvert** | 3 | 0 | 2 | .67 |
| **Jim Parsloe** | 1 | 0 | 0 | 0 |
| **Christopher Wright** | 2 | 2 | 2 | - |
| **Jack Stacey** | 1 | 1 | 85 | - |
| **Chris Etheridge** | 0 | 0 | 0 | - |
| **Mohit Gupta** | 0 | 0 | 0 | - |
| **Mikhail Gupta** | 0 | 0 | 0 | - |
| **Luke Horden** | 0 | 0 | 0 | - |

## Season Bowling

| Player | O | M | Runs | Wkts | Ave | SR |
|:--|:--|:--|:--|:--|:--|
| **Richard Beswick** | 23 | 3 | 106 | 4 | 26.5 | 34.5 |
| **Patrick Wigg** | 22 | 1 | 82 | 4 | 20.5 | 33 |
| **Christopher Wright** | 16 | 0 | 135 | 3 | 45 | 32 |
| **Richard Earney** | 15 | 0 | 112 | 2 | 56 | 45 |
| **Jim Carroll** | 12 | 3 | 71 | 2 | 35.5 | 36 |
| **Ishmail Matvad** | 11 | 2 | 32 | 2 | 16 | 33 |
| **Chris Etheridge** | 9 | 0 | 87 | 2 | 43.5 | 27 |
| **Jim Parsloe** | 7 | 1 | 29 | 2 | 14.5 | 21 |
| **Iqbal Miah** | 10 | 0 | 56 | 1 | 56 | 60 |
| **Mohit Gupta** | 7 | 1 | 29 | 1 | 29 | 42 |
| **Josh Gorner** | 4 | 0 | 35 | 0 | - | - |
| **Alf Beswick** | 1 | 0 | 21 | 0 | - | - |
| **Jack Casey** | 15 | 1 | 49 | 0 | - | - |
| **Brock Boyd-Taylor** | 3 | 0 | 28 | 0 | - | - |
| **Koye Usanga** | 1 | 0 | 13 | 0 | - | - |
| **Mikhail Gupta** | 2 | 0 | 16 | 0 | - | - |
| **Edward Garland** | 5 | 0 | 36 | 0 | - | - |
| **Luke Horden** | 6 | 0 | 35 | 0 | - | - |

## Season Bowling (by ave)

| Player | O | M | Runs | Wkts | Ave | SR |
|:--|:--|:--|:--|:--|:--|
| **Jim Parsloe** | 7 | 1 | 29 | 2 | 14.5 | 21 |
| **Ishmail Matvad** | 11 | 2 | 32 | 2 | 16 | 33 |
| **Patrick Wigg** | 22 | 1 | 82 | 4 | 20.5 | 33 |
| **Richard Beswick** | 23 | 3 | 106 | 4 | 26.5 | 34.5 |
| **Mohit Gupta** | 7 | 1 | 29 | 1 | 29 | 42 |
| **Jim Carroll** | 12 | 3 | 71 | 2 | 35.5 | 36 |
| **Chris Etheridge** | 9 | 0 | 87 | 2 | 43.5 | 27 |
| **Christopher Wright** | 16 | 0 | 135 | 3 | 45 | 32 |
| **Richard Earney** | 15 | 0 | 112 | 2 | 56 | 45 |
| **Iqbal Miah** | 10 | 0 | 56 | 1 | 56 | 60 |

## Career Batting

| Player | Matches | Inns | NO | Runs | Ave |
|:--|:--|:--|:--|:--|:--|
| **Richard Earney** | 369 | 360 | 30 | 9398 | 28.48 |
| **Richard Beswick** | 498 | 445 | 67 | 8247 | 21.82 |
| **Jim Grant** | 401 | 333 | 49 | 4572 | 16.10 |
| **William Calvert** | 316 | 285 | 35 | 3790 | 15.16 |
| **Andrew Gallagher** | 140 | 133 | 12 | 3105 | 25.66 |
| **Steven Hornsby** | 91 | 87 | 14 | 2890 | 39.59 |
| **Ian Marshall** | 199 | 152 | 28 | 2549 | 20.56 |
| **Simon Barrowcliff** | 97 | 94 | 6 | 2233 | 25.38 |
| **Mohit Gupta** | 86 | 81 | 15 | 2056 | 31.15 |
| **Edward Garland** | 217 | 150 | 42 | 1475 | 13.66 |
| **Patrick Wigg** | 142 | 110 | 31 | 1459 | 18.47 |
| **Alf Beswick** | 70 | 64 | 7 | 1336 | 23.44 |
| **Martin Goff** | 44 | 44 | 3 | 1261 | 30.76 |
| **Ray Damaze** | 51 | 50 | 4 | 1146 | 24.91 |
| **Tom Rutherford** | 63 | 58 | 6 | 1080 | 20.77 |
| **Harry Ingham** | 71 | 61 | 16 | 969 | 21.53 |
| **Andrew Slight** | 113 | 94 | 9 | 939 | 11.05 |
| **Jerry Wright** | 378 | 183 | 72 | 922 | 8.31 |
| **David Swann** | 21 | 20 | 5 | 755 | 50.33 |
| **Richard Kitson** | 39 | 39 | 6 | 722 | 21.88 |
| **Pete Grant** | 105 | 94 | 13 | 698 | 8.62 |
| **Phil Bentley** | 19 | 18 | 2 | 683 | 42.69 |
| **Martin Breddy** | 16 | 16 | 0 | 650 | 40.63 |
| **Mark Gardiner** | 100 | 83 | 16 | 618 | 9.22 |
| **Will Wright** | 25 | 24 | 2 | 601 | 27.32 |
| **James Hylton** | 9 | 8 | 2 | 542 | 90.33 |
| **Andrew MacFarlane** | 34 | 30 | 0 | 530 | 17.67 |
| **Mark Taylor** | 15 | 15 | 2 | 495 | 38.08 |
| **David Young** | 91 | 67 | 18 | 493 | 10.06 |
| **Tony Purves** | 18 | 16 | 5 | 459 | 41.73 |
| **Mark Petre** | 27 | 27 | 3 | 437 | 18.21 |
| **Alan Sylvester** | 58 | 35 | 16 | 380 | 20.00 |
| **Richard Coyle** | 72 | 64 | 16 | 370 | 7.71 |
| **Stuart Watson** | 14 | 14 | 4 | 370 | 37.00 |
| **Richard Green** | 34 | 25 | 5 | 359 | 17.95 |
| **Mark Kirwan** | 43 | 29 | 6 | 357 | 15.52 |
| **Tim Hammond** | 10 | 10 | 2 | 343 | 42.88 |
| **William Chapman** | 25 | 24 | 3 | 341 | 16.24 |
| **Andrew Fielding** | 39 | 35 | 2 | 340 | 10.30 |
| **Jim Carroll** | 10 | 10 | 1 | 327 | 36.33 |
| **Iqbal Miah** | 35 | 26 | 10 | 287 | 17.94 |
| **Richard Olver** | 45 | 30 | 14 | 287 | 17.94 |
| **Siam Amin** | 23 | 19 | 3 | 279 | 17.44 |
| **John Stimpfig** | 29 | 22 | 4 | 262 | 14.56 |
| **John Packenham-Walsh** | 11 | 9 | 2 | 261 | 37.29 |
| **James Booth** | 9 | 9 | 1 | 235 | 29.38 |

## Career Batting (by ave)

| Player | Matches | Inns | NO | Runs | Ave |
|:--|:--|:--|:--|:--|:--|
| **James Hylton** | 9 | 8 | 2 | 542 | 90.33 |
| **David Swann** | 21 | 20 | 5 | 755 | 50.33 |
| **Tim Hammond** | 10 | 10 | 2 | 343 | 42.88 |
| **Phil Bentley** | 19 | 18 | 2 | 683 | 42.69 |
| **Tony Purves** | 18 | 16 | 5 | 459 | 41.73 |
| **Martin Breddy** | 16 | 16 | 0 | 650 | 40.63 |
| **Steven Hornsby** | 91 | 87 | 14 | 2890 | 39.59 |
| **Mark Taylor** | 15 | 15 | 2 | 495 | 38.08 |
| **John Packenham-Walsh** | 11 | 9 | 2 | 261 | 37.29 |
| **Stuart Watson** | 14 | 14 | 4 | 370 | 37.00 |
| **Jim Carroll** | 10 | 10 | 1 | 327 | 36.33 |
| **Mohit Gupta** | 86 | 81 | 15 | 2056 | 31.15 |
| **Martin Goff** | 44 | 44 | 3 | 1261 | 30.76 |
| **James Booth** | 9 | 9 | 1 | 235 | 29.38 |
| **Richard Earney** | 369 | 360 | 30 | 9398 | 28.48 |
| **Will Wright** | 25 | 24 | 2 | 601 | 27.32 |
| **Andrew Gallagher** | 140 | 133 | 12 | 3105 | 25.66 |
| **Simon Barrowcliff** | 97 | 94 | 6 | 2233 | 25.38 |
| **Ray Damaze** | 51 | 50 | 4 | 1146 | 24.91 |
| **Alf Beswick** | 70 | 64 | 7 | 1336 | 23.44 |
| **Richard Kitson** | 39 | 39 | 6 | 722 | 21.88 |
| **Richard Beswick** | 498 | 445 | 67 | 8247 | 21.82 |
| **Harry Ingham** | 71 | 61 | 16 | 969 | 21.53 |
| **Tom Rutherford** | 63 | 58 | 6 | 1080 | 20.77 |
| **Ian Marshall** | 199 | 152 | 28 | 2549 | 20.56 |
| **Alan Sylvester** | 58 | 35 | 16 | 380 | 20.00 |
| **Patrick Wigg** | 142 | 110 | 31 | 1459 | 18.47 |
| **Mark Petre** | 27 | 27 | 3 | 437 | 18.21 |
| **Richard Green** | 34 | 25 | 5 | 359 | 17.95 |
| **Iqbal Miah** | 35 | 26 | 10 | 287 | 17.94 |
| **Richard Olver** | 45 | 30 | 14 | 287 | 17.94 |
| **Andrew MacFarlane** | 34 | 30 | 0 | 530 | 17.67 |
| **Siam Amin** | 23 | 19 | 3 | 279 | 17.44 |
| **William Chapman** | 25 | 24 | 3 | 341 | 16.24 |
| **Jim Grant** | 401 | 333 | 49 | 4572 | 16.10 |
| **Mark Kirwan** | 43 | 29 | 6 | 357 | 15.52 |
| **William Calvert** | 316 | 285 | 35 | 3790 | 15.16 |
| **John Stimpfig** | 29 | 22 | 4 | 262 | 14.56 |
| **Edward Garland** | 217 | 150 | 42 | 1475 | 13.66 |
| **Andrew Slight** | 113 | 94 | 9 | 939 | 11.05 |
| **Andrew Fielding** | 39 | 35 | 2 | 340 | 10.30 |
| **David Young** | 91 | 67 | 18 | 493 | 10.06 |
| **Mark Gardiner** | 100 | 83 | 16 | 618 | 9.22 |
| **Pete Grant** | 105 | 94 | 13 | 698 | 8.62 |
| **Jerry Wright** | 378 | 183 | 72 | 922 | 8.31 |
| **Richard Coyle** | 72 | 64 | 16 | 370 | 7.71 |

## Career Bowling

| Player | M | O | M | Runs | Wkts | Ave | SR |
|:--|:--|:--|:--|:--|:--|
| **Jerry Wright** | 378 | 2662.5 | 350 | 10494 | 534 | 19.65 | 29.92 |
| **Richard Beswick** | 498 | 2183.2 | 453 | 8089 | 447 | 18.10 | 29.30 |
| **Ian Marshall** | 199 | 1675.8 | 410 | 5088 | 272 | 18.71 | 36.97 |
| **Edward Garland** | 217 | 940.8 | 85 | 4473 | 255 | 17.54 | 22.14 |
| **Richard Earney** | 369 | 1078.7 | 104 | 5096 | 227 | 22.45 | 28.51 |
| **Patrick Wigg** | 142 | 1057.4 | 191 | 3467 | 192 | 18.06 | 33.04 |
| **William Calvert** | 316 | 650.5 | 86 | 2955 | 145 | 20.38 | 26.92 |
| **Harry Ingham** | 71 | 572.4 | 111 | 1867 | 97 | 19.25 | 35.41 |
| **Mohit Gupta** | 86 | 470 | 56 | 1850 | 89 | 20.79 | 31.69 |
| **Alan Sylvester** | 58 | 377.1 | 66 | 1416 | 76 | 18.63 | 29.77 |
| **Mark Kirwan** | 43 | 344.3 | 60 | 1159 | 71 | 16.32 | 29.10 |
| **Andrew MacFarlane** | 34 | 357.2 | 70 | 1041 | 68 | 15.31 | 31.52 |
| **Richard Green** | 34 | 265.6 | 27 | 1042 | 63 | 16.54 | 25.30 |
| **Paul O'Mahony** | 52 | 365.8 | 49 | 1445 | 57 | 25.35 | 38.51 |
| **Richard Olver** | 45 | 304 | 69 | 931 | 49 | 19.00 | 37.22 |
| **Andrew Gallagher** | 140 | 202 | 12 | 1082 | 47 | 23.02 | 25.79 |
| **Graeme Wright** | 49 | 339 | 56 | 1101 | 47 | 23.43 | 43.28 |
| **Tom Rutherford** | 63 | 256.2 | 31 | 1045 | 47 | 22.23 | 32.71 |
| **Gareth Powell** | 43 | 316.3 | 50 | 1169 | 44 | 26.57 | 43.13 |
| **Iqbal Miah** | 35 | 214.7 | 24 | 992 | 41 | 24.20 | 31.42 |
| **Steven Hornsby** | 91 | 183.4 | 14 | 911 | 41 | 22.22 | 26.84 |
| **Steve Masterson** | 25 | 225.1 | 46 | 732 | 36 | 20.33 | 37.52 |
| **Tony Purves** | 18 | 111.8 | 14 | 488 | 36 | 13.56 | 18.63 |
| **Mark Gardiner** | 100 | 139.5 | 11 | 603 | 33 | 18.27 | 25.36 |
| **Phil Bentley** | 19 | 165.9 | 30 | 518 | 31 | 16.71 | 32.11 |
| **Philip Beswick** | 46 | 125.1 | 5 | 669 | 28 | 23.89 | 26.81 |
| **Andrew Slight** | 113 | 75.8 | 2 | 436 | 27 | 16.15 | 16.84 |

## Career Bowling (by ave)

| Player | M | O | M | Runs | Wkts | Ave | SR |
|:--|:--|:--|:--|:--|:--|
| **Tony Purves** | 18 | 111.8 | 14 | 488 | 36 | 13.56 | 18.63 |
| **Andrew MacFarlane** | 34 | 357.2 | 70 | 1041 | 68 | 15.31 | 31.52 |
| **Andrew Slight** | 113 | 75.8 | 2 | 436 | 27 | 16.15 | 16.84 |
| **Mark Kirwan** | 43 | 344.3 | 60 | 1159 | 71 | 16.32 | 29.10 |
| **Richard Green** | 34 | 265.6 | 27 | 1042 | 63 | 16.54 | 25.30 |
| **Phil Bentley** | 19 | 165.9 | 30 | 518 | 31 | 16.71 | 32.11 |
| **Edward Garland** | 217 | 940.8 | 85 | 4473 | 255 | 17.54 | 22.14 |
| **Patrick Wigg** | 142 | 1057.4 | 191 | 3467 | 192 | 18.06 | 33.04 |
| **Richard Beswick** | 498 | 2183.2 | 453 | 8089 | 447 | 18.10 | 29.30 |
| **Mark Gardiner** | 100 | 139.5 | 11 | 603 | 33 | 18.27 | 25.36 |
| **Alan Sylvester** | 58 | 377.1 | 66 | 1416 | 76 | 18.63 | 29.77 |
| **Ian Marshall** | 199 | 1675.8 | 410 | 5088 | 272 | 18.71 | 36.97 |
| **Richard Olver** | 45 | 304 | 69 | 931 | 49 | 19.00 | 37.22 |
| **Harry Ingham** | 71 | 572.4 | 111 | 1867 | 97 | 19.25 | 35.41 |
| **Jerry Wright** | 378 | 2662.5 | 350 | 10494 | 534 | 19.65 | 29.92 |
| **Steve Masterson** | 25 | 225.1 | 46 | 732 | 36 | 20.33 | 37.52 |
| **William Calvert** | 316 | 650.5 | 86 | 2955 | 145 | 20.38 | 26.92 |
| **Mohit Gupta** | 86 | 470 | 56 | 1850 | 89 | 20.79 | 31.69 |
| **Steven Hornsby** | 91 | 183.4 | 14 | 911 | 41 | 22.22 | 26.84 |
| **Tom Rutherford** | 63 | 256.2 | 31 | 1045 | 47 | 22.23 | 32.71 |
| **Richard Earney** | 369 | 1078.7 | 104 | 5096 | 227 | 22.45 | 28.51 |
| **Andrew Gallagher** | 140 | 202 | 12 | 1082 | 47 | 23.02 | 25.79 |
| **Graeme Wright** | 49 | 339 | 56 | 1101 | 47 | 23.43 | 43.28 |
| **Philip Beswick** | 46 | 125.1 | 5 | 669 | 28 | 23.89 | 26.81 |
| **Iqbal Miah** | 35 | 214.7 | 24 | 992 | 41 | 24.20 | 31.42 |
| **Paul O'Mahony** | 52 | 365.8 | 49 | 1445 | 57 | 25.35 | 38.51 |
| **Gareth Powell** | 43 | 316.3 | 50 | 1169 | 44 | 26.57 | 43.13 |