---
layout: default
title: 2024 Statistics
nav_order: 18
parent: Statistics
---

# {{page.title}}

(Career Qualification 200 runs; 20 wkts)

<details open markdown="block">
  {: .text-delta }
1. TOC
{:toc}
</details>

## Season Batting

| Player | Matches | Inns | NO | Runs | Ave |
|:--|:--|:--|:--|:--|
| **Alf Beswick** | 4 | 4 | 0 | 237 | 59.25 |
| **Richard Earney** | 6 | 6 | 0 | 134 | 22.33 |
| **Anandraj Venkatasamy** | 2 | 2 | 1 | 109 | 109 |
| **Patrick Wigg** | 6 | 4 | 2 | 67 | 33.5 |
| **Jack Stacey** | 4 | 4 | 0 | 63 | 15.75 |
| **Brock Boyd-Taylor** | 2 | 2 | 0 | 62 | 31 |
| **Aamir Khan** | 2 | 2 | 0 | 50 | 25 |
| **Will Calvert** | 2 | 2 | 1 | 44 | 44 |
| **Ray Damaze** | 3 | 3 | 1 | 41 | 20.5 |
| **Matt Griffiths** | 2 | 2 | 0 | 31 | 15.5 |
| **Richard Beswick** | 6 | 4 | 1 | 30 | 10 |
| **Harry Gadsby** | 1 | 1 | 1 | 28 |   |
| **Andrew Gallagher** | 3 | 2 | 1 | 23 | 23 |
| **Jim Carroll** | 1 | 1 | 1 | 21 |   |
| **Iqbal Miah** | 2 | 1 | 0 | 15 | 15 |
| **Jack Casey** | 2 | 1 | 0 | 13 | 13 |
| **Jim Grant** | 4 | 2 | 2 | 9 |   |
| **Waleed Ahmed** | 1 | 1 | 0 | 3 | 3 |
| **Aimen Mazood** | 1 | 1 | 0 | 2 | 2 |
| **Justin Brown** | 1 | 1 | 0 | 1 | 1 |
| **Gordon Daley** | 1 | 0 | 0 | 0 |   |
| **Christopher Wright** | 5 | 0 | 0 | 0 |   |
| **Vivek Menom** | 1 | 1 | 0 | 0 | 0 |
| **Hugo Owen** | 1 | 0 | 0 | 0 |   |
| **Chris Etheridge** | 1 | 0 | 0 | 0 |   |

## Season Batting (by ave)

| Player | Matches | Inns | NO | Runs | Ave |
|:--|:--|:--|:--|:--|
| **Anandraj Venkatasamy** | 2 | 2 | 1 | 109 | 109 |
| **Alf Beswick** | 4 | 4 | 0 | 237 | 59.25 |
| **Will Calvert** | 2 | 2 | 1 | 44 | 44 |
| **Patrick Wigg** | 6 | 4 | 2 | 67 | 33.5 |
| **Brock Boyd-Taylor** | 2 | 2 | 0 | 62 | 31 |
| **Aamir Khan** | 2 | 2 | 0 | 50 | 25 |
| **Andrew Gallagher** | 3 | 2 | 1 | 23 | 23 |
| **Richard Earney** | 6 | 6 | 0 | 134 | 22.33 |
| **Ray Damaze** | 3 | 3 | 1 | 41 | 20.5 |
| **Jack Stacey** | 4 | 4 | 0 | 63 | 15.75 |
| **Matt Griffiths** | 2 | 2 | 0 | 31 | 15.5 |
| **Iqbal Miah** | 2 | 1 | 0 | 15 | 15 |
| **Jack Casey** | 2 | 1 | 0 | 13 | 13 |
| **Richard Beswick** | 6 | 4 | 1 | 30 | 10 |
| **Waleed Ahmed** | 1 | 1 | 0 | 3 | 3 |
| **Aimen Mazood** | 1 | 1 | 0 | 2 | 2 |
| **Justin Brown** | 1 | 1 | 0 | 1 | 1 |
| **Vivek Menom** | 1 | 1 | 0 | 0 | 0 |
| **Harry Gadsby** | 1 | 1 | 1 | 28 |  - |
| **Gordon Daley** | 1 | 0 | 0 | 0 |  - |
| **Christopher Wright** | 5 | 0 | 0 | 0 |  - |
| **Jim Grant** | 4 | 2 | 2 | 9 |  - |
| **Hugo Owen** | 1 | 0 | 0 | 0 |  - |
| **Jim Carroll** | 1 | 1 | 1 | 21 |  - |
| **Chris Etheridge** | 1 | 0 | 0 | 0 |  - |

## Career Batting

| Player | Matches | Inns | NO | Runs | Ave |
|:--|:--|:--|:--|:--|:--|
| **Richard Earney** | 389 | 381 | 31 | 9843 | 28.12 |
| **Richard Beswick** | 518 | 461 | 72 | 8487 | 21.82 |
| **Jim Grant** | 418 | 342 | 53 | 4586 | 15.87 |
| **William Calvert** | 322 | 291 | 36 | 3878 | 15.21 |
| **Andrew Gallagher** | 146 | 138 | 13 | 3119 | 24.95 |
| **Steven Hornsby** | 91 | 87 | 14 | 2890 | 39.59 |
| **Ian Marshall** | 199 | 152 | 28 | 2549 | 20.56 |
| **Simon Barrowcliff** | 98 | 95 | 6 | 2259 | 25.38 |
| **Mohit Gupta** | 88 | 82 | 15 | 2057 | 30.70 |
| **Alf Beswick** | 85 | 79 | 9 | 1881 | 26.87 |
| **Patrick Wigg** | 158 | 122 | 37 | 1684 | 19.81 |
| **Edward Garland** | 223 | 155 | 43 | 1484 | 13.25 |
| **Martin Goff** | 44 | 44 | 3 | 1261 | 30.76 |
| **Ray Damaze** | 56 | 55 | 5 | 1219 | 24.38 |
| **Tom Rutherford** | 63 | 58 | 6 | 1080 | 20.77 |
| **Harry Ingham** | 71 | 61 | 16 | 969 | 21.53 |
| **Andrew Slight** | 113 | 94 | 9 | 939 | 11.05 |
| **Jerry Wright** | 377 | 183 | 73 | 936 | 8.51 |
| **David Swann** | 21 | 20 | 5 | 755 | 50.33 |
| **Richard Kitson** | 39 | 39 | 6 | 722 | 21.88 |
| **Pete Grant** | 105 | 94 | 13 | 698 | 8.62 |
| **Phil Bentley** | 19 | 18 | 2 | 683 | 42.69 |
| **Martin Breddy** | 16 | 16 | 0 | 650 | 40.63 |
| **Mark Gardiner** | 100 | 83 | 16 | 618 | 9.22 |
| **Will Wright** | 25 | 24 | 2 | 601 | 27.32 |
| **James Hylton** | 9 | 8 | 2 | 542 | 90.33 |
| **Andrew MacFarlane** | 34 | 30 | 0 | 530 | 17.67 |
| **Mark Taylor** | 15 | 15 | 2 | 495 | 38.08 |
| **David Young** | 91 | 67 | 18 | 493 | 10.06 |
| **Tony Purves** | 18 | 16 | 5 | 459 | 41.73 |
| **Mark Petre** | 27 | 27 | 3 | 437 | 18.21 |
| **Richard Coyle** | 73 | 65 | 16 | 382 | 7.80 |
| **Alan Sylvester** | 57 | 35 | 16 | 380 | 20.00 |
| **Iqbal Miah** | 44 | 33 | 12 | 380 | 18.10 |
| **Jim Carroll** | 14 | 13 | 2 | 372 | 33.82 |
| **Stuart Watson** | 14 | 14 | 4 | 370 | 37.00 |
| **Brock Boyd-Taylor** | 15 | 15 | 2 | 361 | 27.77 |
| **Richard Green** | 34 | 25 | 5 | 359 | 17.95 |
| **Mark Kirwan** | 42 | 29 | 6 | 357 | 15.52 |
| **Tim Hammond** | 10 | 10 | 2 | 343 | 42.88 |
| **William Chapman** | 25 | 24 | 3 | 341 | 16.24 |
| **Andrew Fielding** | 39 | 35 | 2 | 340 | 10.30 |
| **Jack Stacey** | 13 | 13 | 1 | 290 | 24.17 |
| **Richard Olver** | 45 | 30 | 14 | 287 | 17.94 |
| **Siam Amin** | 23 | 19 | 3 | 279 | 17.44 |
| **John Stimpfig** | 29 | 22 | 4 | 262 | 14.56 |
| **John Packenham-Walsh** | 11 | 9 | 2 | 261 | 37.29 |
| **James Booth** | 9 | 9 | 1 | 235 | 29.38 |
| **Tim Horsey** | 44 | 40 | 9 | 228 | 7.35 |
| **Ishmail Matvad** | 9 | 7 | 0 | 222 | 31.71 |
| **Ted Ingham** | 22 | 21 | 2 | 220 | 11.58 |
| **Toby Carden** | 19 | 14 | 2 | 215 | 17.92 |
| **Anandraj Venkatasamy** | 4 | 4 | 1 | 208 | 69.33 |
| **Syeed Habib** | 6 | 5 | 1 | 204 | 51.00 |

## Career Batting (by ave)

| Player | Matches | Inns | NO | Runs | Ave |
|:--|:--|:--|:--|:--|:--|
| **James Hylton** | 9 | 8 | 2 | 542 | 90.33 |
| **Anandraj Venkatasamy** | 4 | 4 | 1 | 208 | 69.33 |
| **Syeed Habib** | 6 | 5 | 1 | 204 | 51.00 |
| **David Swann** | 21 | 20 | 5 | 755 | 50.33 |
| **Tim Hammond** | 10 | 10 | 2 | 343 | 42.88 |
| **Phil Bentley** | 19 | 18 | 2 | 683 | 42.69 |
| **Tony Purves** | 18 | 16 | 5 | 459 | 41.73 |
| **Martin Breddy** | 16 | 16 | 0 | 650 | 40.63 |
| **Steven Hornsby** | 91 | 87 | 14 | 2890 | 39.59 |
| **Mark Taylor** | 15 | 15 | 2 | 495 | 38.08 |
| **John Packenham-Walsh** | 11 | 9 | 2 | 261 | 37.29 |
| **Stuart Watson** | 14 | 14 | 4 | 370 | 37.00 |
| **Jim Carroll** | 14 | 13 | 2 | 372 | 33.82 |
| **Ishmail Matvad** | 9 | 7 | 0 | 222 | 31.71 |
| **Martin Goff** | 44 | 44 | 3 | 1261 | 30.76 |
| **Mohit Gupta** | 88 | 82 | 15 | 2057 | 30.70 |
| **James Booth** | 9 | 9 | 1 | 235 | 29.38 |
| **Richard Earney** | 389 | 381 | 31 | 9843 | 28.12 |
| **Brock Boyd-Taylor** | 15 | 15 | 2 | 361 | 27.77 |
| **Will Wright** | 25 | 24 | 2 | 601 | 27.32 |
| **Alf Beswick** | 85 | 79 | 9 | 1881 | 26.87 |
| **Simon Barrowcliff** | 98 | 95 | 6 | 2259 | 25.38 |
| **Andrew Gallagher** | 146 | 138 | 13 | 3119 | 24.95 |
| **Ray Damaze** | 56 | 55 | 5 | 1219 | 24.38 |
| **Jack Stacey** | 13 | 13 | 1 | 290 | 24.17 |
| **Richard Kitson** | 39 | 39 | 6 | 722 | 21.88 |
| **Richard Beswick** | 518 | 461 | 72 | 8487 | 21.82 |
| **Harry Ingham** | 71 | 61 | 16 | 969 | 21.53 |
| **Tom Rutherford** | 63 | 58 | 6 | 1080 | 20.77 |
| **Ian Marshall** | 199 | 152 | 28 | 2549 | 20.56 |
| **Alan Sylvester** | 57 | 35 | 16 | 380 | 20.00 |
| **Patrick Wigg** | 158 | 122 | 37 | 1684 | 19.81 |
| **Mark Petre** | 27 | 27 | 3 | 437 | 18.21 |
| **Iqbal Miah** | 44 | 33 | 12 | 380 | 18.10 |
| **Richard Green** | 34 | 25 | 5 | 359 | 17.95 |
| **Richard Olver** | 45 | 30 | 14 | 287 | 17.94 |
| **Toby Carden** | 19 | 14 | 2 | 215 | 17.92 |
| **Andrew MacFarlane** | 34 | 30 | 0 | 530 | 17.67 |
| **Siam Amin** | 23 | 19 | 3 | 279 | 17.44 |
| **William Chapman** | 25 | 24 | 3 | 341 | 16.24 |
| **Jim Grant** | 418 | 342 | 53 | 4586 | 15.87 |
| **Mark Kirwan** | 42 | 29 | 6 | 357 | 15.52 |
| **William Calvert** | 322 | 291 | 36 | 3878 | 15.21 |
| **John Stimpfig** | 29 | 22 | 4 | 262 | 14.56 |
| **Edward Garland** | 223 | 155 | 43 | 1484 | 13.25 |
| **Ted Ingham** | 22 | 21 | 2 | 220 | 11.58 |
| **Andrew Slight** | 113 | 94 | 9 | 939 | 11.05 |
| **Andrew Fielding** | 39 | 35 | 2 | 340 | 10.30 |
| **David Young** | 91 | 67 | 18 | 493 | 10.06 |
| **Mark Gardiner** | 100 | 83 | 16 | 618 | 9.22 |
| **Pete Grant** | 105 | 94 | 13 | 698 | 8.62 |
| **Jerry Wright** | 377 | 183 | 73 | 936 | 8.51 |
| **Richard Coyle** | 73 | 65 | 16 | 382 | 7.80 |
| **Tim Horsey** | 44 | 40 | 9 | 228 | 7.35 |

## Season Bowling

| Player | O | M | Runs | Wkts | Ave | SR |
|:--|:--|:--|:--|:--|:--|
| **Richard Earney** | 7 | 25.1 | 0 | 119 | 10 | 11.90 | 15.10 |
| **Richard Beswick** | 6 | 27 | 2 | 148 | 10 | 14.8 | 16.2 |
| **Patrick Wigg** | 6 | 45 | 11 | 146 | 7 | 20.86 | 38.57 |
| **Christopher Wright** | 5 | 29 | 0 | 150 | 6 | 25 | 29 |
| **Anandraj Venkatasamy** | 2 | 13 | 3 | 41 | 4 | 10.25 | 19.5 |
| **Jack Casey** | 2 | 9.4 | 0 | 75 | 4 | 18.75 | 14.5 |
| **Aamir Khan** | 2 | 12 | 0 | 65 | 2 | 32.5 | 36 |
| **Iqbal Miah** | 2 | 9 | 2 | 31 | 2 | 15.5 | 27 |
| **Jim Carroll** | 1 | 7 | 1 | 29 | 2 | 14.5 | 21 |
| **Harry Gadsby** | 1 | 7 | 0 | 40 | 1 | 40 | 42 |
| **Vivek Menom** | 1 | 7 | 1 | 31 | 1 | 31 | 42 |
| **Jack Stacey** | 4 | 2 | 0 | 13 | 1 | 13 | 12 |
| **Hugo Owen** | 1 | 7 | 1 | 35 | 1 | 35 | 42 |
| **Chris Etheridge** | 1 | 4 | 0 | 24 | 1 | 24 | 24 |
| **Matt Griffiths** | 2 | 3 | 0 | 32 | 1 | 32 | 18 |

## Season Bowling (by ave)

| Player | O | M | Runs | Wkts | Ave | SR |
|:--|:--|:--|:--|:--|:--|
| **Anandraj Venkatasamy** | 2 | 13 | 3 | 41 | 4 | 10.25 | 19.5 |
| **Richard Earney** | 7 | 25.1 | 0 | 119 | 10 | 11.90 | 15.10 |
| **Jack Stacey** | 4 | 2 | 0 | 13 | 1 | 13 | 12 |
| **Jim Carroll** | 1 | 7 | 1 | 29 | 2 | 14.5 | 21 |
| **Richard Beswick** | 6 | 27 | 2 | 148 | 10 | 14.8 | 16.2 |
| **Iqbal Miah** | 2 | 9 | 2 | 31 | 2 | 15.5 | 27 |
| **Jack Casey** | 2 | 9.4 | 0 | 75 | 4 | 18.75 | 14.5 |
| **Patrick Wigg** | 6 | 45 | 11 | 146 | 7 | 20.86 | 38.57 |
| **Chris Etheridge** | 1 | 4 | 0 | 24 | 1 | 24 | 24 |
| **Christopher Wright** | 5 | 29 | 0 | 150 | 6 | 25 | 29 |
| **Vivek Menom** | 1 | 7 | 1 | 31 | 1 | 31 | 42 |
| **Matt Griffiths** | 2 | 3 | 0 | 32 | 1 | 32 | 18 |
| **Aamir Khan** | 2 | 12 | 0 | 65 | 2 | 32.5 | 36 |
| **Hugo Owen** | 1 | 7 | 1 | 35 | 1 | 35 | 42 |
| **Harry Gadsby** | 1 | 7 | 0 | 40 | 1 | 40 | 42 |

## Career Bowling

| Player | M | O | M | Runs | Wkts | Ave | SR |
|:--|:--|:--|:--|:--|:--|:--|
| **Jerry Wright** | 377 | 2674.4 | 349 | 10396 | 533 | 19.50 | 30.11 |
| **Richard Beswick** | 518 | 2245 | 458 | 8417 | 470 | 17.91 | 28.66 |
| **Ian Marshall** | 199 | 1680.2 | 410 | 5088 | 272 | 18.71 | 37.07 |
| **Edward Garland** | 223 | 970.2 | 86 | 4658 | 259 | 17.98 | 22.48 |
| **Richard Earney** | 389 | 1139 | 107 | 5463 | 243 | 22.48 | 28.12 |
| **Patrick Wigg** | 158 | 1171.2 | 212 | 3951 | 211 | 18.73 | 33.31 |
| **William Calvert** | 322 | 651.3 | 86 | 2955 | 145 | 20.38 | 26.96 |
| **Harry Ingham** | 71 | 573.2 | 111 | 1867 | 97 | 19.25 | 35.46 |
| **Mohit Gupta** | 88 | 489.3 | 58 | 1925 | 94 | 20.48 | 31.24 |
| **Alan Sylvester** | 57 | 373.1 | 66 | 1402 | 74 | 18.95 | 30.26 |
| **Mark Kirwan** | 42 | 339.3 | 60 | 1133 | 69 | 16.42 | 29.52 |
| **Andrew MacFarlane** | 34 | 329 | 70 | 1041 | 68 | 15.31 | 29.03 |
| **Richard Green** | 34 | 266.4 | 27 | 1042 | 63 | 16.54 | 25.40 |
| **Paul O'Mahony** | 52 | 366.2 | 49 | 1445 | 57 | 25.35 | 38.56 |
| **Iqbal Miah** | 44 | 270.1 | 30 | 1247 | 49 | 25.45 | 33.08 |
| **Richard Olver** | 45 | 298 | 69 | 931 | 49 | 19.00 | 36.49 |
| **Andrew Gallagher** | 146 | 190 | 12 | 1069 | 47 | 22.74 | 24.26 |
| **Graeme Wright** | 49 | 332 | 56 | 1101 | 47 | 23.43 | 42.38 |
| **Tom Rutherford** | 63 | 257 | 31 | 1045 | 47 | 22.23 | 32.81 |
| **Gareth Powell** | 43 | 316.3 | 50 | 1169 | 44 | 26.57 | 43.16 |
| **Steven Hornsby** | 91 | 183.4 | 14 | 911 | 41 | 22.22 | 26.88 |
| **Steve Masterson** | 25 | 217.1 | 46 | 732 | 36 | 20.33 | 36.19 |
| **Tony Purves** | 18 | 112.2 | 14 | 488 | 36 | 13.56 | 18.72 |
| **Christopher Wright** | 39 | 194.1 | 11 | 1159 | 35 | 33.11 | 33.29 |
| **Mark Gardiner** | 100 | 139.5 | 11 | 603 | 33 | 18.27 | 25.42 |
| **Phil Bentley** | 19 | 166.3 | 30 | 518 | 31 | 16.71 | 32.23 |
| **Philip Beswick** | 46 | 125.5 | 5 | 669 | 28 | 23.89 | 26.96 |
| **Andrew Slight** | 113 | 77 | 2 | 436 | 27 | 16.15 | 17.11 |
| **Mark Taylor** | 15 | 102 | 25 | 319 | 22 | 14.50 | 27.82 |

## Career Bowling (by ave)

| Player | M | O | M | Runs | Wkts | Ave | SR |
|:--|:--|:--|:--|:--|:--|:--|
| **Tony Purves** | 18 | 112.2 | 14 | 488 | 36 | 13.56 | 18.72 |
| **Mark Taylor** | 15 | 102 | 25 | 319 | 22 | 14.50 | 27.82 |
| **Andrew MacFarlane** | 34 | 329 | 70 | 1041 | 68 | 15.31 | 29.03 |
| **Andrew Slight** | 113 | 77 | 2 | 436 | 27 | 16.15 | 17.11 |
| **Mark Kirwan** | 42 | 339.3 | 60 | 1133 | 69 | 16.42 | 29.52 |
| **Richard Green** | 34 | 266.4 | 27 | 1042 | 63 | 16.54 | 25.40 |
| **Phil Bentley** | 19 | 166.3 | 30 | 518 | 31 | 16.71 | 32.23 |
| **Richard Beswick** | 518 | 2245 | 458 | 8417 | 470 | 17.91 | 28.66 |
| **Edward Garland** | 223 | 970.2 | 86 | 4658 | 259 | 17.98 | 22.48 |
| **Mark Gardiner** | 100 | 139.5 | 11 | 603 | 33 | 18.27 | 25.42 |
| **Ian Marshall** | 199 | 1680.2 | 410 | 5088 | 272 | 18.71 | 37.07 |
| **Patrick Wigg** | 158 | 1171.2 | 212 | 3951 | 211 | 18.73 | 33.31 |
| **Alan Sylvester** | 57 | 373.1 | 66 | 1402 | 74 | 18.95 | 30.26 |
| **Richard Olver** | 45 | 298 | 69 | 931 | 49 | 19.00 | 36.49 |
| **Harry Ingham** | 71 | 573.2 | 111 | 1867 | 97 | 19.25 | 35.46 |
| **Jerry Wright** | 377 | 2674.4 | 349 | 10396 | 533 | 19.50 | 30.11 |
| **Steve Masterson** | 25 | 217.1 | 46 | 732 | 36 | 20.33 | 36.19 |
| **William Calvert** | 322 | 651.3 | 86 | 2955 | 145 | 20.38 | 26.96 |
| **Mohit Gupta** | 88 | 489.3 | 58 | 1925 | 94 | 20.48 | 31.24 |
| **Steven Hornsby** | 91 | 183.4 | 14 | 911 | 41 | 22.22 | 26.88 |
| **Tom Rutherford** | 63 | 257 | 31 | 1045 | 47 | 22.23 | 32.81 |
| **Richard Earney** | 389 | 1139 | 107 | 5463 | 243 | 22.48 | 28.12 |
| **Andrew Gallagher** | 146 | 190 | 12 | 1069 | 47 | 22.74 | 24.26 |
| **Graeme Wright** | 49 | 332 | 56 | 1101 | 47 | 23.43 | 42.38 |
| **Philip Beswick** | 46 | 125.5 | 5 | 669 | 28 | 23.89 | 26.96 |
| **Paul O'Mahony** | 52 | 366.2 | 49 | 1445 | 57 | 25.35 | 38.56 |
| **Iqbal Miah** | 44 | 270.1 | 30 | 1247 | 49 | 25.45 | 33.08 |
| **Gareth Powell** | 43 | 316.3 | 50 | 1169 | 44 | 26.57 | 43.16 |
| **Christopher Wright** | 39 | 194.1 | 11 | 1159 | 35 | 33.11 | 33.29 |