---
layout: default
title: 2024 Statistics
nav_order: 18
parent: Statistics
---

# {{page.title}}

(Career Qualification 200 runs; 20 wkts)

<details open markdown="block">
  {: .text-delta }
1. TOC
{:toc}
</details>

## Season Batting

| Player | Matches | Inns | NO | Runs | Ave |
|:--|:--|:--|:--|:--|
| **Anandraj Venkatasamy** | 2 | 2 | 1 | 109 | 109 |
| **Aamir Khan** | 2 | 2 | 0 | 50 | 25 |
| **Ray Damaze** | 2 | 2 | 1 | 31 | 31 |
| **Harry Gadsby** | 1 | 1 | 1 | 28 | - |
| **Richard Earney** | 2 | 2 | 0 | 24 | 12 |
| **Iqbal Miah** | 2 | 1 | 0 | 15 | 15 |
| **Patrick Wigg** | 2 | 1 | 0 | 7 | 7 |
| **Richard Beswick** | 2 | 1 | 0 | 4 | 4 |
| **Jim Grant** | 1 | 1 | 1 | 4 | - |
| **Andrew Gallagher** | 1 | 1 | 0 | 0 | 0 |
| **Gordon Daley** | 1 | 0 | 0 | 0 | - |
| **Christopher Wright** | 2 | 0 | 0 | 0 | - |

## Season Batting (by ave)

| Player | Matches | Inns | NO | Runs | Ave |
|:--|:--|:--|:--|:--|
| **Anandraj Venkatasamy** | 2 | 2 | 1 | 109 | 109 |
| **Ray Damaze** | 2 | 2 | 1 | 31 | 31 |
| **Aamir Khan** | 2 | 2 | 0 | 50 | 25 |
| **Iqbal Miah** | 2 | 1 | 0 | 15 | 15 |
| **Richard Earney** | 2 | 2 | 0 | 24 | 12 |
| **Patrick Wigg** | 2 | 1 | 0 | 7 | 7 |
| **Richard Beswick** | 2 | 1 | 0 | 4 | 4 |
| **Harry Gadsby** | 1 | 1 | 1 | 28 | - |
| **Andrew Gallagher** | 1 | 0 | 0 | 0 | - |
| **Gordon Daley** | 1 | 0 | 0 | 0 | - |
| **Christopher Wright** | 2 | 0 | 0 | 0 | - |
| **Jim Grant** | 1 | 1 | 1 | 4 | - |

## Career Batting

| Player | Matches | Inns | NO | Runs | Ave |
|:--|:--|:--|:--|:--|:--|
| **Richard Earney** | 385 | 377 | 31 | 9733 | 28.13 |
| **Richard Beswick** | 514 | 458 | 71 | 8461 | 21.86 |
| **Jim Grant** | 415 | 341 | 52 | 4581 | 15.85 |
| **William Calvert** | 322 | 291 | 36 | 3878 | 15.21 |
| **Andrew Gallagher** | 144 | 136 | 12 | 3096 | 24.97 |
| **Steven Hornsby** | 91 | 87 | 14 | 2890 | 39.59 |
| **Ian Marshall** | 199 | 152 | 28 | 2549 | 20.56 |
| **Simon Barrowcliff** | 98 | 95 | 6 | 2259 | 25.38 |
| **Mohit Gupta** | 88 | 82 | 15 | 2057 | 30.70 |
| **Alf Beswick** | 81 | 75 | 9 | 1644 | 24.91 |
| **Patrick Wigg** | 154 | 119 | 35 | 1624 | 19.33 |
| **Edward Garland** | 223 | 155 | 43 | 1484 | 13.25 |
| **Martin Goff** | 44 | 44 | 3 | 1261 | 30.76 |
| **Ray Damaze** | 55 | 54 | 5 | 1209 | 24.67 |
| **Tom Rutherford** | 63 | 58 | 6 | 1080 | 20.77 |
| **Harry Ingham** | 71 | 61 | 16 | 969 | 21.53 |
| **Andrew Slight** | 113 | 94 | 9 | 939 | 11.05 |
| **Jerry Wright** | 377 | 183 | 73 | 936 | 8.51 |
| **David Swann** | 21 | 20 | 5 | 755 | 50.33 |
| **Richard Kitson** | 39 | 39 | 6 | 722 | 21.88 |
| **Pete Grant** | 105 | 94 | 13 | 698 | 8.62 |
| **Phil Bentley** | 19 | 18 | 2 | 683 | 42.69 |
| **Martin Breddy** | 16 | 16 | 0 | 650 | 40.63 |
| **Mark Gardiner** | 100 | 83 | 16 | 618 | 9.22 |
| **Will Wright** | 25 | 24 | 2 | 601 | 27.32 |
| **James Hylton** | 9 | 8 | 2 | 542 | 90.33 |
| **Andrew MacFarlane** | 34 | 30 | 0 | 530 | 17.67 |
| **Mark Taylor** | 15 | 15 | 2 | 495 | 38.08 |
| **David Young** | 91 | 67 | 18 | 493 | 10.06 |
| **Tony Purves** | 18 | 16 | 5 | 459 | 41.73 |
| **Mark Petre** | 27 | 27 | 3 | 437 | 18.21 |
| **Richard Coyle** | 73 | 65 | 16 | 382 | 7.80 |
| **Alan Sylvester** | 57 | 35 | 16 | 380 | 20.00 |
| **Iqbal Miah** | 44 | 33 | 12 | 380 | 18.10 |
| **Stuart Watson** | 14 | 14 | 4 | 370 | 37.00 |
| **Richard Green** | 34 | 25 | 5 | 359 | 17.95 |
| **Mark Kirwan** | 42 | 29 | 6 | 357 | 15.52 |
| **Jim Carroll** | 13 | 12 | 1 | 351 | 31.91 |
| **Tim Hammond** | 10 | 10 | 2 | 343 | 42.88 |
| **William Chapman** | 25 | 24 | 3 | 341 | 16.24 |
| **Andrew Fielding** | 39 | 35 | 2 | 340 | 10.30 |
| **Brock Boyd-Taylor** | 13 | 13 | 2 | 299 | 27.18 |
| **Richard Olver** | 45 | 30 | 14 | 287 | 17.94 |
| **Siam Amin** | 23 | 19 | 3 | 279 | 17.44 |
| **John Stimpfig** | 29 | 22 | 4 | 262 | 14.56 |
| **John Packenham-Walsh** | 11 | 9 | 2 | 261 | 37.29 |
| **James Booth** | 9 | 9 | 1 | 235 | 29.38 |
| **Tim Horsey** | 44 | 40 | 9 | 228 | 7.35 |
| **Jack Stacey** | 9 | 9 | 1 | 227 | 28.38 |
| **Ishmail Matvad** | 9 | 7 | 0 | 222 | 31.71 |
| **Ted Ingham** | 22 | 21 | 2 | 220 | 11.58 |
| **Toby Carden** | 19 | 14 | 2 | 215 | 17.92 |
| **Anandraj Venkatasamy** | 4 | 4 | 1 | 208 | 69.33 |
| **Syeed Habib** | 6 | 5 | 1 | 204 | 51.00 |

## Career Batting (by ave)

| Player | Matches | Inns | NO | Runs | Ave |
|:--|:--|:--|:--|:--|:--|
| **James Hylton** | 9 | 8 | 2 | 542 | 90.33 |
| **Anandraj Venkatasamy** | 4 | 4 | 1 | 208 | 69.33 |
| **Syeed Habib** | 6 | 5 | 1 | 204 | 51.00 |
| **David Swann** | 21 | 20 | 5 | 755 | 50.33 |
| **Tim Hammond** | 10 | 10 | 2 | 343 | 42.88 |
| **Phil Bentley** | 19 | 18 | 2 | 683 | 42.69 |
| **Tony Purves** | 18 | 16 | 5 | 459 | 41.73 |
| **Martin Breddy** | 16 | 16 | 0 | 650 | 40.63 |
| **Steven Hornsby** | 91 | 87 | 14 | 2890 | 39.59 |
| **Mark Taylor** | 15 | 15 | 2 | 495 | 38.08 |
| **John Packenham-Walsh** | 11 | 9 | 2 | 261 | 37.29 |
| **Stuart Watson** | 14 | 14 | 4 | 370 | 37.00 |
| **Jim Carroll** | 13 | 12 | 1 | 351 | 31.91 |
| **Ishmail Matvad** | 9 | 7 | 0 | 222 | 31.71 |
| **Martin Goff** | 44 | 44 | 3 | 1261 | 30.76 |
| **Mohit Gupta** | 88 | 82 | 15 | 2057 | 30.70 |
| **James Booth** | 9 | 9 | 1 | 235 | 29.38 |
| **Jack Stacey** | 9 | 9 | 1 | 227 | 28.38 |
| **Richard Earney** | 385 | 377 | 31 | 9733 | 28.13 |
| **Will Wright** | 25 | 24 | 2 | 601 | 27.32 |
| **Brock Boyd-Taylor** | 13 | 13 | 2 | 299 | 27.18 |
| **Simon Barrowcliff** | 98 | 95 | 6 | 2259 | 25.38 |
| **Andrew Gallagher** | 144 | 136 | 12 | 3096 | 24.97 |
| **Alf Beswick** | 81 | 75 | 9 | 1644 | 24.91 |
| **Ray Damaze** | 55 | 54 | 5 | 1209 | 24.67 |
| **Richard Kitson** | 39 | 39 | 6 | 722 | 21.88 |
| **Richard Beswick** | 514 | 458 | 71 | 8461 | 21.86 |
| **Harry Ingham** | 71 | 61 | 16 | 969 | 21.53 |
| **Tom Rutherford** | 63 | 58 | 6 | 1080 | 20.77 |
| **Ian Marshall** | 199 | 152 | 28 | 2549 | 20.56 |
| **Alan Sylvester** | 57 | 35 | 16 | 380 | 20.00 |
| **Patrick Wigg** | 154 | 119 | 35 | 1624 | 19.33 |
| **Mark Petre** | 27 | 27 | 3 | 437 | 18.21 |
| **Iqbal Miah** | 44 | 33 | 12 | 380 | 18.10 |
| **Richard Green** | 34 | 25 | 5 | 359 | 17.95 |
| **Richard Olver** | 45 | 30 | 14 | 287 | 17.94 |
| **Toby Carden** | 19 | 14 | 2 | 215 | 17.92 |
| **Andrew MacFarlane** | 34 | 30 | 0 | 530 | 17.67 |
| **Siam Amin** | 23 | 19 | 3 | 279 | 17.44 |
| **William Chapman** | 25 | 24 | 3 | 341 | 16.24 |
| **Jim Grant** | 415 | 341 | 52 | 4581 | 15.85 |
| **Mark Kirwan** | 42 | 29 | 6 | 357 | 15.52 |
| **William Calvert** | 322 | 291 | 36 | 3878 | 15.21 |
| **John Stimpfig** | 29 | 22 | 4 | 262 | 14.56 |
| **Edward Garland** | 223 | 155 | 43 | 1484 | 13.25 |
| **Ted Ingham** | 22 | 21 | 2 | 220 | 11.58 |
| **Andrew Slight** | 113 | 94 | 9 | 939 | 11.05 |
| **Andrew Fielding** | 39 | 35 | 2 | 340 | 10.30 |
| **David Young** | 91 | 67 | 18 | 493 | 10.06 |
| **Mark Gardiner** | 100 | 83 | 16 | 618 | 9.22 |
| **Pete Grant** | 105 | 94 | 13 | 698 | 8.62 |
| **Jerry Wright** | 377 | 183 | 73 | 936 | 8.51 |
| **Richard Coyle** | 73 | 65 | 16 | 382 | 7.80 |
| **Tim Horsey** | 44 | 40 | 9 | 228 | 7.35 |

## Season Bowling

| Player | O | M | Runs | Wkts | Ave | SR |
|:--|:--|:--|:--|:--|:--|
| **Anandraj Venkatasamy** | 13 | 3 | 41 | 4 | 10.25 | 19.5 |
| **Patrick Wigg** | 17 | 7 | 26 | 3 | 8.67 | 34 |
| **Aamir Khan** | 12 | 0 | 65 | 2 | 32.5 | 36 |
| **Iqbal Miah** | 9 | 2 | 31 | 2 | 15.5 | 27 |
| **Harry Gadsby** | 7 | 0 | 40 | 1 | 40 | 42 |
| **Richard Beswick** | 7 | 0 | 43 | 1 | 43 | 42 |
| **Christopher Wright** | 12 | 0 | 56 | 1 | 56 | 72 |

## Season Bowling (by ave)

| Player | O | M | Runs | Wkts | Ave | SR |
|:--|:--|:--|:--|:--|:--|
| **Patrick Wigg** | 17 | 7 | 26 | 3 | 8.67 | 34 |
| **Anandraj Venkatasamy** | 13 | 3 | 41 | 4 | 10.25 | 19.5 |
| **Iqbal Miah** | 9 | 2 | 31 | 2 | 15.5 | 27 |
| **Aamir Khan** | 12 | 0 | 65 | 2 | 32.5 | 36 |
| **Harry Gadsby** | 7 | 0 | 40 | 1 | 40 | 42 |
| **Richard Beswick** | 7 | 0 | 43 | 1 | 43 | 42 |
| **Christopher Wright** | 12 | 0 | 56 | 1 | 56 | 72 |

## Career Bowling

| Player | M | O | M | Runs | Wkts | Ave | SR |
|:--|:--|:--|:--|:--|:--|:--|
| **Jerry Wright** | 377 | 2674.4 | 349 | 10396 | 533 | 19.50 | 30.11 |
| **Richard Beswick** | 514 | 2225 | 456 | 8312 | 461 | 18.03 | 28.96 |
| **Ian Marshall** | 199 | 1680.2 | 410 | 5088 | 272 | 18.71 | 37.07 |
| **Edward Garland** | 223 | 970.2 | 86 | 4658 | 259 | 17.98 | 22.48 |
| **Richard Earney** | 385 | 1120.5 | 107 | 5384 | 234 | 23.01 | 28.74 |
| **Patrick Wigg** | 154 | 1143.2 | 208 | 3831 | 207 | 18.51 | 33.14 |
| **William Calvert** | 322 | 651.3 | 86 | 2955 | 145 | 20.38 | 26.96 |
| **Harry Ingham** | 71 | 573.2 | 111 | 1867 | 97 | 19.25 | 35.46 |
| **Mohit Gupta** | 88 | 489.3 | 58 | 1925 | 94 | 20.48 | 31.24 |
| **Alan Sylvester** | 57 | 373.1 | 66 | 1402 | 74 | 18.95 | 30.26 |
| **Mark Kirwan** | 42 | 339.3 | 60 | 1133 | 69 | 16.42 | 29.52 |
| **Andrew MacFarlane** | 34 | 329 | 70 | 1041 | 68 | 15.31 | 29.03 |
| **Richard Green** | 34 | 266.4 | 27 | 1042 | 63 | 16.54 | 25.40 |
| **Paul O'Mahony** | 52 | 366.2 | 49 | 1445 | 57 | 25.35 | 38.56 |
| **Richard Olver** | 45 | 298 | 69 | 931 | 49 | 19.00 | 36.49 |
| **Iqbal Miah** | 44 | 270.1 | 30 | 1247 | 48 | 25.98 | 33.77 |
| **Andrew Gallagher** | 144 | 190 | 12 | 1069 | 47 | 22.74 | 24.26 |
| **Graeme Wright** | 49 | 332 | 56 | 1101 | 47 | 23.43 | 42.38 |
| **Tom Rutherford** | 63 | 257 | 31 | 1045 | 47 | 22.23 | 32.81 |
| **Gareth Powell** | 43 | 316.3 | 50 | 1169 | 44 | 26.57 | 43.16 |
| **Steven Hornsby** | 91 | 183.4 | 14 | 911 | 41 | 22.22 | 26.88 |
| **Steve Masterson** | 25 | 217.1 | 46 | 732 | 36 | 20.33 | 36.19 |
| **Tony Purves** | 18 | 112.2 | 14 | 488 | 36 | 13.56 | 18.72 |
| **Mark Gardiner** | 100 | 139.5 | 11 | 603 | 33 | 18.27 | 25.42 |
| **Phil Bentley** | 19 | 166.3 | 30 | 518 | 31 | 16.71 | 32.23 |
| **Christopher Wright** | 36 | 177.1 | 11 | 1065 | 30 | 35.50 | 35.43 |
| **Philip Beswick** | 46 | 125.5 | 5 | 669 | 28 | 23.89 | 26.96 |
| **Andrew Slight** | 113 | 77 | 2 | 436 | 27 | 16.15 | 17.11 |
| **Mark Taylor** | 15 | 102 | 25 | 319 | 22 | 14.50 | 27.82 |

## Career Bowling (by ave)

| Player | M | O | M | Runs | Wkts | Ave | SR |
|:--|:--|:--|:--|:--|:--|:--|
| **Tony Purves** | 18 | 112.2 | 14 | 488 | 36 | 13.56 | 18.72 |
| **Mark Taylor** | 15 | 102 | 25 | 319 | 22 | 14.50 | 27.82 |
| **Andrew MacFarlane** | 34 | 329 | 70 | 1041 | 68 | 15.31 | 29.03 |
| **Andrew Slight** | 113 | 77 | 2 | 436 | 27 | 16.15 | 17.11 |
| **Mark Kirwan** | 42 | 339.3 | 60 | 1133 | 69 | 16.42 | 29.52 |
| **Richard Green** | 34 | 266.4 | 27 | 1042 | 63 | 16.54 | 25.40 |
| **Phil Bentley** | 19 | 166.3 | 30 | 518 | 31 | 16.71 | 32.23 |
| **Edward Garland** | 223 | 970.2 | 86 | 4658 | 259 | 17.98 | 22.48 |
| **Richard Beswick** | 514 | 2225 | 456 | 8312 | 461 | 18.03 | 28.96 |
| **Mark Gardiner** | 100 | 139.5 | 11 | 603 | 33 | 18.27 | 25.42 |
| **Patrick Wigg** | 154 | 1143.2 | 208 | 3831 | 207 | 18.51 | 33.14 |
| **Ian Marshall** | 199 | 1680.2 | 410 | 5088 | 272 | 18.71 | 37.07 |
| **Alan Sylvester** | 57 | 373.1 | 66 | 1402 | 74 | 18.95 | 30.26 |
| **Richard Olver** | 45 | 298 | 69 | 931 | 49 | 19.00 | 36.49 |
| **Harry Ingham** | 71 | 573.2 | 111 | 1867 | 97 | 19.25 | 35.46 |
| **Jerry Wright** | 377 | 2674.4 | 349 | 10396 | 533 | 19.50 | 30.11 |
| **Steve Masterson** | 25 | 217.1 | 46 | 732 | 36 | 20.33 | 36.19 |
| **William Calvert** | 322 | 651.3 | 86 | 2955 | 145 | 20.38 | 26.96 |
| **Mohit Gupta** | 88 | 489.3 | 58 | 1925 | 94 | 20.48 | 31.24 |
| **Steven Hornsby** | 91 | 183.4 | 14 | 911 | 41 | 22.22 | 26.88 |
| **Tom Rutherford** | 63 | 257 | 31 | 1045 | 47 | 22.23 | 32.81 |
| **Andrew Gallagher** | 144 | 190 | 12 | 1069 | 47 | 22.74 | 24.26 |
| **Richard Earney** | 385 | 1120.5 | 107 | 5384 | 234 | 23.01 | 28.74 |
| **Graeme Wright** | 49 | 332 | 56 | 1101 | 47 | 23.43 | 42.38 |
| **Philip Beswick** | 46 | 125.5 | 5 | 669 | 28 | 23.89 | 26.96 |
| **Paul O'Mahony** | 52 | 366.2 | 49 | 1445 | 57 | 25.35 | 38.56 |
| **Iqbal Miah** | 44 | 270.1 | 30 | 1247 | 48 | 25.98 | 33.77 |
| **Gareth Powell** | 43 | 316.3 | 50 | 1169 | 44 | 26.57 | 43.16 |
| **Christopher Wright** | 36 | 177.1 | 11 | 1065 | 30 | 35.50 | 35.43 |