---
layout: default
title: 2025 Statistics
nav_order: 18
parent: Statistics
---

# {{page.title}}

(Career Qualification 200 runs; 20 wkts)

<details open markdown="block">
  {: .text-delta }
1. TOC
{:toc}
</details>

## Season Batting

| Player | Matches | Inns | NO | Runs | Ave |
|:--|:--|:--|:--|:--|
| **Richard&nbsp;Beswick** | 5 | 5 | 1 | 117 | 29.25 |
| **Alf&nbsp;Beswick** | 4 | 4 | 0 | 114 | 28.5 |
| **Anandraj&nbsp;Venkatasamy** | 2 | 2 | 0 | 97 | 48.5 |
| **Brock&nbsp;Boyd-Taylor** | 1 | 1 | 0 | 73 | 73 |
| **Patrick&nbsp;Wigg** | 3 | 3 | 2 | 68 | 68 |
| **Richard&nbsp;Earney** | 5 | 5 | 0 | 62 | 12.4 |
| **Tom&nbsp;Newbiggin** | 1 | 1 | 0 | 61 | 61 |
| **Jack&nbsp;Scallan** | 2 | 2 | 0 | 55 | 27.5 |
| **Saif&nbsp;Mohammed** | 3 | 2 | 0 | 50 | 25 |
| **Paris&nbsp;Grappy** | 2 | 2 | 0 | 32 | 16 |
| **Andrew&nbsp;Gallagher** | 3 | 3 | 0 | 26 | 8.67 |
| **Iqbal&nbsp;Miah** | 5 | 4 | 1 | 22 | 7.33 |
| **Srikanth&nbsp;Balasubramanian** | 1 | 1 | 0 | 22 | 22 |
| **Dylan&nbsp;Grice** | 1 | 1 | 0 | 13 | 13 |
| **Chris&nbsp;Etheridge** | 1 | 1 | 0 | 10 | 10 |
| **Imran&nbsp;Ali** | 3 | 3 | 0 | 9 | 3 |
| **Richard&nbsp;Grice** | 1 | 1 | 0 | 9 | 9 |
| **Jack&nbsp;Stacey** | 1 | 1 | 0 | 8 | 8 |
| **Gabriel&nbsp;Clothier** | 1 | 1 | 0 | 4 | 4 |
| **Marcus&nbsp;Pugh-Smith** | 1 | 1 | 0 | 3 | 3 |
| **Christopher&nbsp;Wright** | 3 | 2 | 2 | 2 | - |
| **Jim&nbsp;Grant** | 3 | 2 | 1 | 2 | 2 |
| **Harry&nbsp;Earney** | 1 | 0 | 0 | 0 | - |
| **Jack&nbsp;Casey** | 1 | 0 | 0 | 0 | - |

## Season Batting (by ave)

| Player | Matches | Inns | NO | Runs | Ave |
|:--|:--|:--|:--|:--|
| **Brock&nbsp;Boyd-Taylor** | 1 | 1 | 0 | 73 | 73 |
| **Patrick&nbsp;Wigg** | 3 | 3 | 2 | 68 | 68 |
| **Tom&nbsp;Newbiggin** | 1 | 1 | 0 | 61 | 61 |
| **Anandraj&nbsp;Venkatasamy** | 2 | 2 | 0 | 97 | 48.5 |
| **Richard&nbsp;Beswick** | 5 | 5 | 1 | 117 | 29.25 |
| **Alf&nbsp;Beswick** | 4 | 4 | 0 | 114 | 28.5 |
| **Jack&nbsp;Scallan** | 2 | 2 | 0 | 55 | 27.5 |
| **Saif&nbsp;Mohammed** | 3 | 2 | 0 | 50 | 25 |
| **Srikanth&nbsp;Balasubramanian** | 1 | 1 | 0 | 22 | 22 |
| **Paris&nbsp;Grappy** | 2 | 2 | 0 | 32 | 16 |
| **Dylan&nbsp;Grice** | 1 | 1 | 0 | 13 | 13 |
| **Richard&nbsp;Earney** | 5 | 5 | 0 | 62 | 12.4 |
| **Chris&nbsp;Etheridge** | 1 | 1 | 0 | 10 | 10 |
| **Richard&nbsp;Grice** | 1 | 1 | 0 | 9 | 9 |
| **Andrew&nbsp;Gallagher** | 3 | 3 | 0 | 26 | 8.67 |
| **Jack&nbsp;Stacey** | 1 | 1 | 0 | 8 | 8 |
| **Iqbal&nbsp;Miah** | 5 | 4 | 1 | 22 | 7.33 |
| **Gabriel&nbsp;Clothier** | 1 | 1 | 0 | 4 | 4 |
| **Imran&nbsp;Ali** | 3 | 3 | 0 | 9 | 3 |
| **Marcus&nbsp;Pugh-Smith** | 1 | 1 | 0 | 3 | 3 |
| **Jim&nbsp;Grant** | 3 | 2 | 1 | 2 | 2 |
| **Christopher&nbsp;Wright** | 3 | 2 | 2 | 2 | - |
| **Harry&nbsp;Earney** | 1 | 0 | 0 | 0 | - |
| **Jack&nbsp;Casey** | 1 | 0 | 0 | 0 | - |

## Career Batting

| Player | Matches | Inns | NO | Runs | Ave |
|:--|:--|:--|:--|:--|:--|
| **Richard&nbsp;Earney** | 397 | 389 | 31 | 9933 | 27.75 |
| **Richard&nbsp;Beswick** | 525 | 468 | 73 | 8638 | 21.87 |
| **Jim&nbsp;Grant** | 423 | 346 | 55 | 4599 | 15.80 |
| **William&nbsp;Calvert** | 322 | 291 | 36 | 3878 | 15.21 |
| **Andrew&nbsp;Gallagher** | 151 | 143 | 13 | 3162 | 24.32 |
| **Steven&nbsp;Hornsby** | 91 | 87 | 14 | 2890 | 39.59 |
| **Ian&nbsp;Marshall** | 199 | 152 | 28 | 2549 | 20.56 |
| **Simon&nbsp;Barrowcliff** | 98 | 95 | 6 | 2259 | 25.38 |
| **Alf&nbsp;Beswick** | 92 | 86 | 9 | 2113 | 27.44 |
| **Mohit&nbsp;Gupta** | 88 | 82 | 15 | 2057 | 30.70 |
| **Patrick&nbsp;Wigg** | 163 | 127 | 39 | 1766 | 20.07 |
| **Edward&nbsp;Garland** | 223 | 155 | 43 | 1484 | 13.25 |
| **Martin&nbsp;Goff** | 44 | 44 | 3 | 1261 | 30.76 |
| **Ray&nbsp;Damaze** | 56 | 55 | 5 | 1219 | 24.38 |
| **Tom&nbsp;Rutherford** | 63 | 58 | 6 | 1080 | 20.77 |
| **Harry&nbsp;Ingham** | 71 | 61 | 16 | 969 | 21.53 |
| **Andrew&nbsp;Slight** | 113 | 94 | 9 | 939 | 11.05 |
| **Jerry&nbsp;Wright** | 377 | 183 | 73 | 936 | 8.51 |
| **David&nbsp;Swann** | 21 | 20 | 5 | 755 | 50.33 |
| **Richard&nbsp;Kitson** | 39 | 39 | 6 | 722 | 21.88 |
| **Pete&nbsp;Grant** | 105 | 94 | 13 | 698 | 8.62 |
| **Phil&nbsp;Bentley** | 19 | 18 | 2 | 683 | 42.69 |
| **Martin&nbsp;Breddy** | 16 | 16 | 0 | 650 | 40.63 |
| **Mark&nbsp;Gardiner** | 100 | 83 | 16 | 618 | 9.22 |
| **Will&nbsp;Wright** | 25 | 24 | 2 | 601 | 27.32 |
| **James&nbsp;Hylton** | 9 | 8 | 2 | 542 | 90.33 |
| **Andrew&nbsp;MacFarlane** | 34 | 30 | 0 | 530 | 17.67 |
| **Mark&nbsp;Taylor** | 15 | 15 | 2 | 495 | 38.08 |
| **David&nbsp;Young** | 91 | 67 | 18 | 493 | 10.06 |
| **Tony&nbsp;Purves** | 18 | 16 | 5 | 459 | 41.73 |
| **Mark&nbsp;Petre** | 27 | 27 | 3 | 437 | 18.21 |
| **Brock&nbsp;Boyd-Taylor** | 16 | 16 | 2 | 434 | 31.00 |
| **Iqbal&nbsp;Miah** | 50 | 38 | 13 | 402 | 16.08 |
| **Richard&nbsp;Coyle** | 73 | 65 | 16 | 382 | 7.80 |
| **Alan&nbsp;Sylvester** | 57 | 35 | 16 | 380 | 20.00 |
| **Jim&nbsp;Carroll** | 14 | 13 | 2 | 372 | 33.82 |
| **Stuart&nbsp;Watson** | 14 | 14 | 4 | 370 | 37.00 |
| **Richard&nbsp;Green** | 34 | 25 | 5 | 359 | 17.95 |
| **Mark&nbsp;Kirwan** | 42 | 29 | 6 | 357 | 15.52 |
| **Tim&nbsp;Hammond** | 10 | 10 | 2 | 343 | 42.88 |
| **William&nbsp;Chapman** | 25 | 24 | 3 | 341 | 16.24 |
| **Andrew&nbsp;Fielding** | 39 | 35 | 2 | 340 | 10.30 |
| **Anandraj&nbsp;Venkatasamy** | 7 | 7 | 1 | 305 | 50.83 |
| **Jack&nbsp;Stacey** | 14 | 14 | 1 | 298 | 22.92 |
| **Richard&nbsp;Olver** | 45 | 30 | 14 | 287 | 17.94 |
| **Siam&nbsp;Amin** | 24 | 20 | 3 | 284 | 16.71 |
| **John&nbsp;Stimpfig** | 29 | 22 | 4 | 262 | 14.56 |
| **John&nbsp;Packenham-Walsh** | 11 | 9 | 2 | 261 | 37.29 |
| **James&nbsp;Booth** | 9 | 9 | 1 | 235 | 29.38 |
| **Tim&nbsp;Horsey** | 44 | 40 | 9 | 228 | 7.35 |
| **Ishmail&nbsp;Matvad** | 9 | 7 | 0 | 222 | 31.71 |
| **Ted&nbsp;Ingham** | 22 | 21 | 2 | 220 | 11.58 |
| **Toby&nbsp;Carden** | 19 | 14 | 2 | 215 | 17.92 |
| **Syeed&nbsp;Habib** | 6 | 5 | 1 | 204 | 51.00 |

## Career Batting (by ave)

| Player | Matches | Inns | NO | Runs | Ave |
|:--|:--|:--|:--|:--|:--|
| **James&nbsp;Hylton** | 9 | 8 | 2 | 542 | 90.33 |
| **Syeed&nbsp;Habib** | 6 | 5 | 1 | 204 | 51.00 |
| **Anandraj&nbsp;Venkatasamy** | 7 | 7 | 1 | 305 | 50.83 |
| **David&nbsp;Swann** | 21 | 20 | 5 | 755 | 50.33 |
| **Tim&nbsp;Hammond** | 10 | 10 | 2 | 343 | 42.88 |
| **Phil&nbsp;Bentley** | 19 | 18 | 2 | 683 | 42.69 |
| **Tony&nbsp;Purves** | 18 | 16 | 5 | 459 | 41.73 |
| **Martin&nbsp;Breddy** | 16 | 16 | 0 | 650 | 40.63 |
| **Steven&nbsp;Hornsby** | 91 | 87 | 14 | 2890 | 39.59 |
| **Mark&nbsp;Taylor** | 15 | 15 | 2 | 495 | 38.08 |
| **John&nbsp;Packenham-Walsh** | 11 | 9 | 2 | 261 | 37.29 |
| **Stuart&nbsp;Watson** | 14 | 14 | 4 | 370 | 37.00 |
| **Jim&nbsp;Carroll** | 14 | 13 | 2 | 372 | 33.82 |
| **Ishmail&nbsp;Matvad** | 9 | 7 | 0 | 222 | 31.71 |
| **Brock&nbsp;Boyd-Taylor** | 16 | 16 | 2 | 434 | 31.00 |
| **Martin&nbsp;Goff** | 44 | 44 | 3 | 1261 | 30.76 |
| **Mohit&nbsp;Gupta** | 88 | 82 | 15 | 2057 | 30.70 |
| **James&nbsp;Booth** | 9 | 9 | 1 | 235 | 29.38 |
| **Richard&nbsp;Earney** | 397 | 389 | 31 | 9933 | 27.75 |
| **Alf&nbsp;Beswick** | 92 | 86 | 9 | 2113 | 27.44 |
| **Will&nbsp;Wright** | 25 | 24 | 2 | 601 | 27.32 |
| **Simon&nbsp;Barrowcliff** | 98 | 95 | 6 | 2259 | 25.38 |
| **Ray&nbsp;Damaze** | 56 | 55 | 5 | 1219 | 24.38 |
| **Andrew&nbsp;Gallagher** | 151 | 143 | 13 | 3162 | 24.32 |
| **Jack&nbsp;Stacey** | 14 | 14 | 1 | 298 | 22.92 |
| **Richard&nbsp;Kitson** | 39 | 39 | 6 | 722 | 21.88 |
| **Richard&nbsp;Beswick** | 525 | 468 | 73 | 8638 | 21.87 |
| **Harry&nbsp;Ingham** | 71 | 61 | 16 | 969 | 21.53 |
| **Tom&nbsp;Rutherford** | 63 | 58 | 6 | 1080 | 20.77 |
| **Ian&nbsp;Marshall** | 199 | 152 | 28 | 2549 | 20.56 |
| **Patrick&nbsp;Wigg** | 163 | 127 | 39 | 1766 | 20.07 |
| **Alan&nbsp;Sylvester** | 57 | 35 | 16 | 380 | 20.00 |
| **Mark&nbsp;Petre** | 27 | 27 | 3 | 437 | 18.21 |
| **Richard&nbsp;Green** | 34 | 25 | 5 | 359 | 17.95 |
| **Richard&nbsp;Olver** | 45 | 30 | 14 | 287 | 17.94 |
| **Toby&nbsp;Carden** | 19 | 14 | 2 | 215 | 17.92 |
| **Andrew&nbsp;MacFarlane** | 34 | 30 | 0 | 530 | 17.67 |
| **Siam&nbsp;Amin** | 24 | 20 | 3 | 284 | 16.71 |
| **William&nbsp;Chapman** | 25 | 24 | 3 | 341 | 16.24 |
| **Iqbal&nbsp;Miah** | 50 | 38 | 13 | 402 | 16.08 |
| **Jim&nbsp;Grant** | 423 | 346 | 55 | 4599 | 15.80 |
| **Mark&nbsp;Kirwan** | 42 | 29 | 6 | 357 | 15.52 |
| **William&nbsp;Calvert** | 322 | 291 | 36 | 3878 | 15.21 |
| **John&nbsp;Stimpfig** | 29 | 22 | 4 | 262 | 14.56 |
| **Edward&nbsp;Garland** | 223 | 155 | 43 | 1484 | 13.25 |
| **Ted&nbsp;Ingham** | 22 | 21 | 2 | 220 | 11.58 |
| **Andrew&nbsp;Slight** | 113 | 94 | 9 | 939 | 11.05 |
| **Andrew&nbsp;Fielding** | 39 | 35 | 2 | 340 | 10.30 |
| **David&nbsp;Young** | 91 | 67 | 18 | 493 | 10.06 |
| **Mark&nbsp;Gardiner** | 100 | 83 | 16 | 618 | 9.22 |
| **Pete&nbsp;Grant** | 105 | 94 | 13 | 698 | 8.62 |
| **Jerry&nbsp;Wright** | 377 | 183 | 73 | 936 | 8.51 |
| **Richard&nbsp;Coyle** | 73 | 65 | 16 | 382 | 7.80 |
| **Tim&nbsp;Horsey** | 44 | 40 | 9 | 228 | 7.35 |

## Season Bowling

| Player | Mat |  O | M | Runs | Wkts | Ave | SR |
|:--|:--|:--|:--|:--|:--|
| **Patrick&nbsp;Wigg** | 3 | 20 | 7 | 56 | 8 | 7 | 15 |
| **Christopher&nbsp;Wright** | 3 | 15 | 1 | 91 | 6 | 15.17 | 15 |
| **Iqbal&nbsp;Miah** | 5 | 29.5 | 0 | 155 | 5 | 31 | 35.8 |
| **Anandraj&nbsp;Venkatasamy** | 2 | 13 | 2 | 55 | 4 | 13.75 | 19.5 |
| **Imran&nbsp;Ali** | 3 | 19 | 3 | 80 | 3 | 26.67 | 38 |
| **Richard&nbsp;Earney** | 5 | 15 | 1 | 84 | 2 | 42 | 45 |
| **Richard&nbsp;Beswick** | 5 | 10 | 1 | 62 | 2 | 31 | 30 |
| **Saif&nbsp;Mohammed** | 3 | 11 | 1 | 59 | 1 | 59 | 66 |
| **Marcus&nbsp;Pugh-Smith** | 1 | 7 | 1 | 32 | 1 | 32 | 42 |
| **Srikanth&nbsp;Balasubramanian** | 1 | 4 | 0 | 34 | 1 | 34 | 24 |
| **Tom&nbsp;Newbiggin** | 1 | 5 | 0 | 16 | 0 | - | - |
| **Jack&nbsp;Casey** | 1 | 6 | 1 | 21 | 0 | - | - |
| **Chris&nbsp;Etheridge** | 1 | 1 | 0 | 13 | 0 | - | - |

## Season Bowling (by ave)

| Player | Mat |  O | M | Runs | Wkts | Ave | SR |
|:--|:--|:--|:--|:--|:--|
| **Patrick&nbsp;Wigg** | 3 | 20 | 7 | 56 | 8 | 7 | 15 |
| **Anandraj&nbsp;Venkatasamy** | 2 | 13 | 2 | 55 | 4 | 13.75 | 19.5 |
| **Christopher&nbsp;Wright** | 3 | 15 | 1 | 91 | 6 | 15.17 | 15 |
| **Imran&nbsp;Ali** | 3 | 19 | 3 | 80 | 3 | 26.67 | 38 |
| **Richard&nbsp;Beswick** | 5 | 10 | 1 | 62 | 2 | 31 | 30 |
| **Iqbal&nbsp;Miah** | 5 | 29.5 | 0 | 155 | 5 | 31 | 35.8 |
| **Marcus&nbsp;Pugh-Smith** | 1 | 7 | 1 | 32 | 1 | 32 | 42 |
| **Srikanth&nbsp;Balasubramanian** | 1 | 4 | 0 | 34 | 1 | 34 | 24 |
| **Richard&nbsp;Earney** | 5 | 15 | 1 | 84 | 2 | 42 | 45 |
| **Saif&nbsp;Mohammed** | 3 | 11 | 1 | 59 | 1 | 59 | 66 |

## Career Bowling

| Player | M | O | M | Runs | Wkts | Ave | SR |
|:--|:--|:--|:--|:--|:--|:--|
| **Jerry&nbsp;Wright** | 377 | 2674.4 | 349 | 10396 | 533 | 19.50 | 30.11 |
| **Richard&nbsp;Beswick** | 525 | 2262 | 459 | 8505 | 472 | 18.02 | 28.75 |
| **Ian&nbsp;Marshall** | 199 | 1680.2 | 410 | 5088 | 272 | 18.71 | 37.07 |
| **Edward&nbsp;Garland** | 223 | 970.2 | 86 | 4658 | 259 | 17.98 | 22.48 |
| **Richard&nbsp;Earney** | 397 | 1165 | 108 | 5625 | 247 | 22.77 | 28.30 |
| **Patrick&nbsp;Wigg** | 163 | 1207.2 | 223 | 4070 | 225 | 18.09 | 32.20 |
| **William&nbsp;Calvert** | 322 | 651.3 | 86 | 2955 | 145 | 20.38 | 26.96 |
| **Harry&nbsp;Ingham** | 71 | 573.2 | 111 | 1867 | 97 | 19.25 | 35.46 |
| **Mohit&nbsp;Gupta** | 88 | 489.3 | 58 | 1925 | 94 | 20.48 | 31.24 |
| **Alan&nbsp;Sylvester** | 57 | 373.1 | 66 | 1402 | 74 | 18.95 | 30.26 |
| **Mark&nbsp;Kirwan** | 42 | 339.3 | 60 | 1133 | 69 | 16.42 | 29.52 |
| **Andrew&nbsp;MacFarlane** | 34 | 329 | 70 | 1041 | 68 | 15.31 | 29.03 |
| **Richard&nbsp;Green** | 34 | 266.4 | 27 | 1042 | 63 | 16.54 | 25.40 |
| **Paul&nbsp;O'Mahony** | 52 | 366.2 | 49 | 1445 | 57 | 25.35 | 38.56 |
| **Iqbal&nbsp;Miah** | 50 | 303 | 30 | 1414 | 56 | 25.25 | 32.46 |
| **Richard&nbsp;Olver** | 45 | 298 | 69 | 931 | 49 | 19.00 | 36.49 |
| **Andrew&nbsp;Gallagher** | 151 | 190 | 12 | 1069 | 47 | 22.74 | 24.26 |
| **Graeme&nbsp;Wright** | 49 | 332 | 56 | 1101 | 47 | 23.43 | 42.38 |
| **Tom&nbsp;Rutherford** | 63 | 257 | 31 | 1045 | 47 | 22.23 | 32.81 |
| **Gareth&nbsp;Powell** | 43 | 316.3 | 50 | 1169 | 44 | 26.57 | 43.16 |
| **Christopher&nbsp;Wright** | 44 | 223.1 | 12 | 1321 | 43 | 30.72 | 31.14 |
| **Steven&nbsp;Hornsby** | 91 | 183.4 | 14 | 911 | 41 | 22.22 | 26.88 |
| **Steve&nbsp;Masterson** | 25 | 217.1 | 46 | 732 | 36 | 20.33 | 36.19 |
| **Tony&nbsp;Purves** | 18 | 112.2 | 14 | 488 | 36 | 13.56 | 18.72 |
| **Mark&nbsp;Gardiner** | 100 | 139.5 | 11 | 603 | 33 | 18.27 | 25.42 |
| **Phil&nbsp;Bentley** | 19 | 166.3 | 30 | 518 | 31 | 16.71 | 32.23 |
| **Philip&nbsp;Beswick** | 46 | 125.5 | 5 | 669 | 28 | 23.89 | 26.96 |
| **Andrew&nbsp;Slight** | 113 | 77 | 2 | 436 | 27 | 16.15 | 17.11 |
| **Mark&nbsp;Taylor** | 15 | 102 | 25 | 319 | 22 | 14.50 | 27.82 |

## Career Bowling (by ave)

| Player | M | O | M | Runs | Wkts | Ave | SR |
|:--|:--|:--|:--|:--|:--|:--|
| **Tony&nbsp;Purves** | 18 | 112.2 | 14 | 488 | 36 | 13.56 | 18.72 |
| **Mark&nbsp;Taylor** | 15 | 102 | 25 | 319 | 22 | 14.50 | 27.82 |
| **Andrew&nbsp;MacFarlane** | 34 | 329 | 70 | 1041 | 68 | 15.31 | 29.03 |
| **Andrew&nbsp;Slight** | 113 | 77 | 2 | 436 | 27 | 16.15 | 17.11 |
| **Mark&nbsp;Kirwan** | 42 | 339.3 | 60 | 1133 | 69 | 16.42 | 29.52 |
| **Richard&nbsp;Green** | 34 | 266.4 | 27 | 1042 | 63 | 16.54 | 25.40 |
| **Phil&nbsp;Bentley** | 19 | 166.3 | 30 | 518 | 31 | 16.71 | 32.23 |
| **Edward&nbsp;Garland** | 223 | 970.2 | 86 | 4658 | 259 | 17.98 | 22.48 |
| **Richard&nbsp;Beswick** | 525 | 2262 | 459 | 8505 | 472 | 18.02 | 28.75 |
| **Patrick&nbsp;Wigg** | 163 | 1207.2 | 223 | 4070 | 225 | 18.09 | 32.20 |
| **Mark&nbsp;Gardiner** | 100 | 139.5 | 11 | 603 | 33 | 18.27 | 25.42 |
| **Ian&nbsp;Marshall** | 199 | 1680.2 | 410 | 5088 | 272 | 18.71 | 37.07 |
| **Alan&nbsp;Sylvester** | 57 | 373.1 | 66 | 1402 | 74 | 18.95 | 30.26 |
| **Richard&nbsp;Olver** | 45 | 298 | 69 | 931 | 49 | 19.00 | 36.49 |
| **Harry&nbsp;Ingham** | 71 | 573.2 | 111 | 1867 | 97 | 19.25 | 35.46 |
| **Jerry&nbsp;Wright** | 377 | 2674.4 | 349 | 10396 | 533 | 19.50 | 30.11 |
| **Steve&nbsp;Masterson** | 25 | 217.1 | 46 | 732 | 36 | 20.33 | 36.19 |
| **William&nbsp;Calvert** | 322 | 651.3 | 86 | 2955 | 145 | 20.38 | 26.96 |
| **Mohit&nbsp;Gupta** | 88 | 489.3 | 58 | 1925 | 94 | 20.48 | 31.24 |
| **Steven&nbsp;Hornsby** | 91 | 183.4 | 14 | 911 | 41 | 22.22 | 26.88 |
| **Tom&nbsp;Rutherford** | 63 | 257 | 31 | 1045 | 47 | 22.23 | 32.81 |
| **Andrew&nbsp;Gallagher** | 151 | 190 | 12 | 1069 | 47 | 22.74 | 24.26 |
| **Richard&nbsp;Earney** | 397 | 1165 | 108 | 5625 | 247 | 22.77 | 28.30 |
| **Graeme&nbsp;Wright** | 49 | 332 | 56 | 1101 | 47 | 23.43 | 42.38 |
| **Philip&nbsp;Beswick** | 46 | 125.5 | 5 | 669 | 28 | 23.89 | 26.96 |
| **Iqbal&nbsp;Miah** | 50 | 303 | 30 | 1414 | 56 | 25.25 | 32.46 |
| **Paul&nbsp;O'Mahony** | 52 | 366.2 | 49 | 1445 | 57 | 25.35 | 38.56 |
| **Gareth&nbsp;Powell** | 43 | 316.3 | 50 | 1169 | 44 | 26.57 | 43.16 |
| **Christopher&nbsp;Wright** | 44 | 223.1 | 12 | 1321 | 43 | 30.72 | 31.14 |
