---
layout: default
title: 2025 Statistics
nav_order: 18
parent: Statistics
---

# {{page.title}}

(Career Qualification 200 runs; 20 wkts)

<details open markdown="block">
  {: .text-delta }
1. TOC
{:toc}
</details>

## Season Batting

| Player | Matches | Inns | NO | Runs | Ave |
|:--|:--|:--|:--|:--|
| **Alf&nbsp;Beswick** | 3 | 3 | 0 | 76 | 25.33 |
| **Brock&nbsp;Boyd-Taylor** | 1 | 1 | 0 | 73 | 73 |
| **Patrick&nbsp;Wigg** | 2 | 2 | 1 | 60 | 60 |
| **Richard&nbsp;Beswick** | 3 | 3 | 1 | 37 | 18.5 |
| **Richard&nbsp;Earney** | 3 | 3 | 0 | 31 | 10.33 |
| **Jack&nbsp;Scallan** | 1 | 1 | 0 | 31 | 31 |
| **Andrew&nbsp;Gallagher** | 2 | 2 | 0 | 26 | 13 |
| **Anandraj&nbsp;Venkatasamy** | 1 | 1 | 0 | 21 | 21 |
| **Paris&nbsp;Grappy** | 1 | 1 | 0 | 16 | 16 |
| **Dylan&nbsp;Grice** | 1 | 1 | 0 | 13 | 13 |
| **Saif&nbsp;Mohammed** | 2 | 1 | 0 | 11 | 11 |
| **Iqbal&nbsp;Miah** | 3 | 2 | 0 | 9 | 4.5 |
| **Richard&nbsp;Grice** | 1 | 1 | 0 | 9 | 9 |
| **Jack&nbsp;Stacey** | 1 | 1 | 0 | 8 | 8 |
| **Imran&nbsp;Ali** | 2 | 2 | 0 | 7 | 3.5 |
| **Gabriel&nbsp;Clothier** | 1 | 1 | 0 | 4 | 4 |
| **Marcus&nbsp;Pugh-Smith** | 1 | 1 | 0 | 3 | 3 |
| **Christopher&nbsp;Wright** | 1 | 1 | 1 | 2 | - |
| **Jim&nbsp;Grant** | 2 | 2 | 1 | 2 | 2 |
| **Harry&nbsp;Earney** | 1 | 0 | 0 | 0 | - |

## Season Batting (by ave)

| Player | Matches | Inns | NO | Runs | Ave |
|:--|:--|:--|:--|:--|
| **Brock&nbsp;Boyd-Taylor** | 1 | 1 | 0 | 73 | 73 |
| **Patrick&nbsp;Wigg** | 2 | 2 | 1 | 60 | 60 |
| **Jack&nbsp;Scallan** | 1 | 1 | 0 | 31 | 31 |
| **Alf&nbsp;Beswick** | 3 | 3 | 0 | 76 | 25.33 |
| **Anandraj&nbsp;Venkatasamy** | 1 | 1 | 0 | 21 | 21 |
| **Richard&nbsp;Beswick** | 3 | 3 | 1 | 37 | 18.5 |
| **Paris&nbsp;Grappy** | 1 | 1 | 0 | 16 | 16 |
| **Andrew&nbsp;Gallagher** | 2 | 2 | 0 | 26 | 13 |
| **Dylan&nbsp;Grice** | 1 | 1 | 0 | 13 | 13 |
| **Saif&nbsp;Mohammed** | 2 | 1 | 0 | 11 | 11 |
| **Richard&nbsp;Earney** | 3 | 3 | 0 | 31 | 10.33 |
| **Richard&nbsp;Grice** | 1 | 1 | 0 | 9 | 9 |
| **Jack&nbsp;Stacey** | 1 | 1 | 0 | 8 | 8 |
| **Iqbal&nbsp;Miah** | 3 | 2 | 0 | 9 | 4.5 |
| **Gabriel&nbsp;Clothier** | 1 | 1 | 0 | 4 | 4 |
| **Imran&nbsp;Ali** | 2 | 2 | 0 | 7 | 3.5 |
| **Marcus&nbsp;Pugh-Smith** | 1 | 1 | 0 | 3 | 3 |
| **Jim&nbsp;Grant** | 2 | 2 | 1 | 2 | 2 |
| **Christopher&nbsp;Wright** | 1 | 1 | 1 | 2 | - |
| **Harry&nbsp;Earney** | 1 | 0 | 0 | 0 | - |

## Career Batting

| Player | Matches | Inns | NO | Runs | Ave |
|:--|:--|:--|:--|:--|:--|
| **Tony&nbsp;Purves** | 18 | 112.2 | 14 | 488 | 36 | 13.56 | 18.72 |
| **Mark&nbsp;Taylor** | 15 | 102 | 25 | 319 | 22 | 14.50 | 27.82 |
| **Andrew&nbsp;MacFarlane** | 34 | 329 | 70 | 1041 | 68 | 15.31 | 29.03 |
| **Andrew&nbsp;Slight** | 113 | 77 | 2 | 436 | 27 | 16.15 | 17.11 |
| **Mark&nbsp;Kirwan** | 42 | 339.3 | 60 | 1133 | 69 | 16.42 | 29.52 |
| **Richard&nbsp;Green** | 34 | 266.4 | 27 | 1042 | 63 | 16.54 | 25.40 |
| **Phil&nbsp;Bentley** | 19 | 166.3 | 30 | 518 | 31 | 16.71 | 32.23 |
| **Edward&nbsp;Garland** | 223 | 970.2 | 86 | 4658 | 259 | 17.98 | 22.48 |
| **Richard&nbsp;Beswick** | 523 | 2261 | 459 | 8497 | 472 | 18.00 | 28.74 |
| **Patrick&nbsp;Wigg** | 162 | 1200.2 | 219 | 4054 | 225 | 18.02 | 32.01 |
| **Mark&nbsp;Gardiner** | 100 | 139.5 | 11 | 603 | 33 | 18.27 | 25.42 |
| **Ian&nbsp;Marshall** | 199 | 1680.2 | 410 | 5088 | 272 | 18.71 | 37.07 |
| **Alan&nbsp;Sylvester** | 57 | 373.1 | 66 | 1402 | 74 | 18.95 | 30.26 |
| **Alan&nbsp;Sylvester** | 57 | 373.1 | 66 | 1402 | 74 | 18.95 | 30.26 |
| **Richard&nbsp;Olver** | 45 | 298 | 69 | 931 | 49 | 19.00 | 36.49 |
| **Harry&nbsp;Ingham** | 71 | 573.2 | 111 | 1867 | 97 | 19.25 | 35.46 |
| **Jerry&nbsp;Wright** | 377 | 2674.4 | 349 | 10396 | 533 | 19.50 | 30.11 |
| **Steve&nbsp;Masterson** | 25 | 217.1 | 46 | 732 | 36 | 20.33 | 36.19 |
| **William&nbsp;Calvert** | 322 | 651.3 | 86 | 2955 | 145 | 20.38 | 26.96 |
| **Mohit&nbsp;Gupta** | 88 | 489.3 | 58 | 1925 | 94 | 20.48 | 31.24 |
| **Steven&nbsp;Hornsby** | 91 | 183.4 | 14 | 911 | 41 | 22.22 | 26.88 |
| **Tom&nbsp;Rutherford** | 63 | 257 | 31 | 1045 | 47 | 22.23 | 32.81 |
| **Richard&nbsp;Earney** | 395 | 1159 | 108 | 5588 | 247 | 22.62 | 28.15 |
| **Andrew&nbsp;Gallagher** | 150 | 190 | 12 | 1069 | 47 | 22.74 | 24.26 |
| **Graeme&nbsp;Wright** | 49 | 332 | 56 | 1101 | 47 | 23.43 | 42.38 |
| **Philip&nbsp;Beswick** | 46 | 125.5 | 5 | 669 | 28 | 23.89 | 26.96 |
| **Iqbal&nbsp;Miah** | 48 | 290 | 30 | 1349 | 55 | 24.53 | 31.64 |
| **Paul&nbsp;O'Mahony** | 52 | 366.2 | 49 | 1445 | 57 | 25.35 | 38.56 |
| **Gareth&nbsp;Powell** | 43 | 316.3 | 50 | 1169 | 44 | 26.57 | 43.16 |
| **Christopher&nbsp;Wright** | 42 | 211.1 | 11 | 1253 | 39 | 32.13 | 32.49 |

## Career Batting (by ave)

| Player | Matches | Inns | NO | Runs | Ave |
|:--|:--|:--|:--|:--|:--|
|| **James&nbsp;Hylton** | 9 | 8 | 2 | 542 | 90.33 |
| **Anandraj&nbsp;Venkatasamy** | 5 | 5 | 1 | 208 | 52.00 |
| **Syeed&nbsp;Habib** | 6 | 5 | 1 | 204 | 51.00 |
| **David&nbsp;Swann** | 21 | 20 | 5 | 755 | 50.33 |
| **Tim&nbsp;Hammond** | 10 | 10 | 2 | 343 | 42.88 |
| **Phil&nbsp;Bentley** | 19 | 18 | 2 | 683 | 42.69 |
| **Tony&nbsp;Purves** | 18 | 16 | 5 | 459 | 41.73 |
| **Martin&nbsp;Breddy** | 16 | 16 | 0 | 650 | 40.63 |
| **Steven&nbsp;Hornsby** | 91 | 87 | 14 | 2890 | 39.59 |
| **Mark&nbsp;Taylor** | 15 | 15 | 2 | 495 | 38.08 |
| **John&nbsp;Packenham-Walsh** | 11 | 9 | 2 | 261 | 37.29 |
| **Stuart&nbsp;Watson** | 14 | 14 | 4 | 370 | 37.00 |
| **Jim&nbsp;Carroll** | 14 | 13 | 2 | 372 | 33.82 |
| **Ishmail&nbsp;Matvad** | 9 | 7 | 0 | 222 | 31.71 |
| **Martin&nbsp;Goff** | 44 | 44 | 3 | 1261 | 30.76 |
| **Mohit&nbsp;Gupta** | 88 | 82 | 15 | 2057 | 30.70 |
| **James&nbsp;Booth** | 9 | 9 | 1 | 235 | 29.38 |
| **Richard&nbsp;Earney** | 392 | 384 | 31 | 9871 | 27.96 |
| **Brock&nbsp;Boyd-Taylor** | 15 | 15 | 2 | 361 | 27.77 |
| **Alf&nbsp;Beswick** | 88 | 82 | 9 | 1999 | 27.38 |
| **Will&nbsp;Wright** | 25 | 24 | 2 | 601 | 27.32 |
| **Simon&nbsp;Barrowcliff** | 98 | 95 | 6 | 2259 | 25.38 |
| **Andrew&nbsp;Gallagher** | 148 | 140 | 13 | 3136 | 24.69 |
| **Ray&nbsp;Damaze** | 56 | 55 | 5 | 1219 | 24.38 |
| **Jack&nbsp;Stacey** | 13 | 13 | 1 | 290 | 24.17 |
| **Richard&nbsp;Kitson** | 39 | 39 | 6 | 722 | 21.88 |
| **Richard&nbsp;Beswick** | 520 | 463 | 72 | 8521 | 21.79 |
| **Harry&nbsp;Ingham** | 71 | 61 | 16 | 969 | 21.53 |
| **Tom&nbsp;Rutherford** | 63 | 58 | 6 | 1080 | 20.77 |
| **Ian&nbsp;Marshall** | 199 | 152 | 28 | 2549 | 20.56 |
| **Alan&nbsp;Sylvester** | 57 | 35 | 16 | 380 | 20.00 |
| **Alan&nbsp;Sylvester** | 57 | 35 | 16 | 380 | 20.00 |
| **Patrick&nbsp;Wigg** | 160 | 124 | 37 | 1698 | 19.52 |
| **Mark&nbsp;Petre** | 27 | 27 | 3 | 437 | 18.21 |
| **Richard&nbsp;Green** | 34 | 25 | 5 | 359 | 17.95 |
| **Richard&nbsp;Olver** | 45 | 30 | 14 | 287 | 17.94 |
| **Toby&nbsp;Carden** | 19 | 14 | 2 | 215 | 17.92 |
| **Andrew&nbsp;MacFarlane** | 34 | 30 | 0 | 530 | 17.67 |
| **Iqbal&nbsp;Miah** | 45 | 34 | 12 | 380 | 17.27 |
| **Siam&nbsp;Amin** | 24 | 20 | 3 | 284 | 16.71 |
| **William&nbsp;Chapman** | 25 | 24 | 3 | 341 | 16.24 |
| **Jim&nbsp;Grant** | 420 | 344 | 54 | 4597 | 15.85 |
| **Mark&nbsp;Kirwan** | 42 | 29 | 6 | 357 | 15.52 |
| **William&nbsp;Calvert** | 322 | 291 | 36 | 3878 | 15.21 |
| **John&nbsp;Stimpfig** | 29 | 22 | 4 | 262 | 14.56 |
| **Edward&nbsp;Garland** | 223 | 155 | 43 | 1484 | 13.25 |
| **Ted&nbsp;Ingham** | 22 | 21 | 2 | 220 | 11.58 |
| **Andrew&nbsp;Slight** | 113 | 94 | 9 | 939 | 11.05 |
| **Andrew&nbsp;Fielding** | 39 | 35 | 2 | 340 | 10.30 |
| **David&nbsp;Young** | 91 | 67 | 18 | 493 | 10.06 |
| **Mark&nbsp;Gardiner** | 100 | 83 | 16 | 618 | 9.22 |
| **Pete&nbsp;Grant** | 105 | 94 | 13 | 698 | 8.62 |
| **Jerry&nbsp;Wright** | 377 | 183 | 73 | 936 | 8.51 |
| **Richard&nbsp;Coyle** | 73 | 65 | 16 | 382 | 7.80 |
| **Tim&nbsp;Horsey** | 44 | 40 | 9 | 228 | 7.35 |

## Season Bowling

| Player | Mat |  O | M | Runs | Wkts | Ave | SR |
|:--|:--|:--|:--|:--|:--|
| **Patrick&nbsp;Wigg** | 2 | 13 | 3 | 40 | 8 | 5 | 9.75 |
| **Iqbal&nbsp;Miah** | 3 | 16.5 | 0 | 90 | 4 | 22.5 | 25.25 |
| **Anandraj&nbsp;Venkatasamy** | 1 | 7 | 1 | 24 | 4 | 6 | 10.5 |
| **Richard&nbsp;Earney** | 3 | 9 | 1 | 47 | 2 | 23.5 | 27 |
| **Richard&nbsp;Beswick** | 3 | 9 | 1 | 54 | 2 | 27 | 27 |
| **Christopher&nbsp;Wright** | 1 | 3 | 0 | 23 | 2 | 11.5 | 9 |
| **Saif&nbsp;Mohammed** | 2 | 7 | 0 | 39 | 1 | 39 | 42 |
| **Imran&nbsp;Ali** | 2 | 12 | 3 | 60 | 1 | 60 | 72 |
| **Marcus&nbsp;Pugh-Smith** | 1 | 7 | 1 | 32 | 1 | 32 | 42 |

## Season Bowling (by ave)

| Player | Mat |  O | M | Runs | Wkts | Ave | SR |
|:--|:--|:--|:--|:--|:--|
| **Patrick&nbsp;Wigg** | 2 | 13 | 3 | 40 | 8 | 5 | 9.75 |
| **Anandraj&nbsp;Venkatasamy** | 1 | 7 | 1 | 24 | 4 | 6 | 10.5 |
| **Christopher&nbsp;Wright** | 1 | 3 | 0 | 23 | 2 | 11.5 | 9 |
| **Iqbal&nbsp;Miah** | 3 | 16.5 | 0 | 90 | 4 | 22.5 | 25.25 |
| **Richard&nbsp;Earney** | 3 | 9 | 1 | 47 | 2 | 23.5 | 27 |
| **Richard&nbsp;Beswick** | 3 | 9 | 1 | 54 | 2 | 27 | 27 |
| **Marcus&nbsp;Pugh-Smith** | 1 | 7 | 1 | 32 | 1 | 32 | 42 |
| **Saif&nbsp;Mohammed** | 2 | 7 | 0 | 39 | 1 | 39 | 42 |
| **Imran&nbsp;Ali** | 2 | 12 | 3 | 60 | 1 | 60 | 72 |

## Career Bowling

| Player | M | O | M | Runs | Wkts | Ave | SR |
|:--|:--|:--|:--|:--|:--|:--|
| **Jerry&nbsp;Wright** | 377 | 2674.4 | 349 | 10396 | 533 | 19.50 | 30.11 |
| **Richard&nbsp;Beswick** | 523 | 2261 | 459 | 8497 | 472 | 18.00 | 28.74 |
| **Ian&nbsp;Marshall** | 199 | 1680.2 | 410 | 5088 | 272 | 18.71 | 37.07 |
| **Edward&nbsp;Garland** | 223 | 970.2 | 86 | 4658 | 259 | 17.98 | 22.48 |
| **Richard&nbsp;Earney** | 395 | 1159 | 108 | 5588 | 247 | 22.62 | 28.15 |
| **Patrick&nbsp;Wigg** | 162 | 1200.2 | 219 | 4054 | 225 | 18.02 | 32.01 |
| **William&nbsp;Calvert** | 322 | 651.3 | 86 | 2955 | 145 | 20.38 | 26.96 |
| **Harry&nbsp;Ingham** | 71 | 573.2 | 111 | 1867 | 97 | 19.25 | 35.46 |
| **Mohit&nbsp;Gupta** | 88 | 489.3 | 58 | 1925 | 94 | 20.48 | 31.24 |
| **Alan&nbsp;Sylvester** | 57 | 373.1 | 66 | 1402 | 74 | 18.95 | 30.26 |
| **Alan&nbsp;Sylvester** | 57 | 373.1 | 66 | 1402 | 74 | 18.95 | 30.26 |
| **Mark&nbsp;Kirwan** | 42 | 339.3 | 60 | 1133 | 69 | 16.42 | 29.52 |
| **Andrew&nbsp;MacFarlane** | 34 | 329 | 70 | 1041 | 68 | 15.31 | 29.03 |
| **Richard&nbsp;Green** | 34 | 266.4 | 27 | 1042 | 63 | 16.54 | 25.40 |
| **Paul&nbsp;O'Mahony** | 52 | 366.2 | 49 | 1445 | 57 | 25.35 | 38.56 |
| **Iqbal&nbsp;Miah** | 48 | 290 | 30 | 1349 | 55 | 24.53 | 31.64 |
| **Richard&nbsp;Olver** | 45 | 298 | 69 | 931 | 49 | 19.00 | 36.49 |
| **Andrew&nbsp;Gallagher** | 150 | 190 | 12 | 1069 | 47 | 22.74 | 24.26 |
| **Graeme&nbsp;Wright** | 49 | 332 | 56 | 1101 | 47 | 23.43 | 42.38 |
| **Tom&nbsp;Rutherford** | 63 | 257 | 31 | 1045 | 47 | 22.23 | 32.81 |
| **Gareth&nbsp;Powell** | 43 | 316.3 | 50 | 1169 | 44 | 26.57 | 43.16 |
| **Steven&nbsp;Hornsby** | 91 | 183.4 | 14 | 911 | 41 | 22.22 | 26.88 |
| **Christopher&nbsp;Wright** | 42 | 211.1 | 11 | 1253 | 39 | 32.13 | 32.49 |
| **Steve&nbsp;Masterson** | 25 | 217.1 | 46 | 732 | 36 | 20.33 | 36.19 |
| **Tony&nbsp;Purves** | 18 | 112.2 | 14 | 488 | 36 | 13.56 | 18.72 |
| **Mark&nbsp;Gardiner** | 100 | 139.5 | 11 | 603 | 33 | 18.27 | 25.42 |
| **Phil&nbsp;Bentley** | 19 | 166.3 | 30 | 518 | 31 | 16.71 | 32.23 |
| **Philip&nbsp;Beswick** | 46 | 125.5 | 5 | 669 | 28 | 23.89 | 26.96 |
| **Andrew&nbsp;Slight** | 113 | 77 | 2 | 436 | 27 | 16.15 | 17.11 |
| **Mark&nbsp;Taylor** | 15 | 102 | 25 | 319 | 22 | 14.50 | 27.82 |

## Career Bowling (by ave)

| Player | M | O | M | Runs | Wkts | Ave | SR |
|:--|:--|:--|:--|:--|:--|:--|
| **Tony&nbsp;Purves** | 18 | 112.2 | 14 | 488 | 36 | 13.56 | 18.72 |
| **Mark&nbsp;Taylor** | 15 | 102 | 25 | 319 | 22 | 14.50 | 27.82 |
| **Andrew&nbsp;MacFarlane** | 34 | 329 | 70 | 1041 | 68 | 15.31 | 29.03 |
| **Andrew&nbsp;Slight** | 113 | 77 | 2 | 436 | 27 | 16.15 | 17.11 |
| **Mark&nbsp;Kirwan** | 42 | 339.3 | 60 | 1133 | 69 | 16.42 | 29.52 |
| **Richard&nbsp;Green** | 34 | 266.4 | 27 | 1042 | 63 | 16.54 | 25.40 |
| **Phil&nbsp;Bentley** | 19 | 166.3 | 30 | 518 | 31 | 16.71 | 32.23 |
| **Edward&nbsp;Garland** | 223 | 970.2 | 86 | 4658 | 259 | 17.98 | 22.48 |
| **Richard&nbsp;Beswick** | 523 | 2261 | 459 | 8497 | 472 | 18.00 | 28.74 |
| **Patrick&nbsp;Wigg** | 162 | 1200.2 | 219 | 4054 | 225 | 18.02 | 32.01 |
| **Mark&nbsp;Gardiner** | 100 | 139.5 | 11 | 603 | 33 | 18.27 | 25.42 |
| **Ian&nbsp;Marshall** | 199 | 1680.2 | 410 | 5088 | 272 | 18.71 | 37.07 |
| **Alan&nbsp;Sylvester** | 57 | 373.1 | 66 | 1402 | 74 | 18.95 | 30.26 |
| **Alan&nbsp;Sylvester** | 57 | 373.1 | 66 | 1402 | 74 | 18.95 | 30.26 |
| **Richard&nbsp;Olver** | 45 | 298 | 69 | 931 | 49 | 19.00 | 36.49 |
| **Harry&nbsp;Ingham** | 71 | 573.2 | 111 | 1867 | 97 | 19.25 | 35.46 |
| **Jerry&nbsp;Wright** | 377 | 2674.4 | 349 | 10396 | 533 | 19.50 | 30.11 |
| **Steve&nbsp;Masterson** | 25 | 217.1 | 46 | 732 | 36 | 20.33 | 36.19 |
| **William&nbsp;Calvert** | 322 | 651.3 | 86 | 2955 | 145 | 20.38 | 26.96 |
| **Mohit&nbsp;Gupta** | 88 | 489.3 | 58 | 1925 | 94 | 20.48 | 31.24 |
| **Steven&nbsp;Hornsby** | 91 | 183.4 | 14 | 911 | 41 | 22.22 | 26.88 |
| **Tom&nbsp;Rutherford** | 63 | 257 | 31 | 1045 | 47 | 22.23 | 32.81 |
| **Richard&nbsp;Earney** | 395 | 1159 | 108 | 5588 | 247 | 22.62 | 28.15 |
| **Andrew&nbsp;Gallagher** | 150 | 190 | 12 | 1069 | 47 | 22.74 | 24.26 |
| **Graeme&nbsp;Wright** | 49 | 332 | 56 | 1101 | 47 | 23.43 | 42.38 |
| **Philip&nbsp;Beswick** | 46 | 125.5 | 5 | 669 | 28 | 23.89 | 26.96 |
| **Iqbal&nbsp;Miah** | 48 | 290 | 30 | 1349 | 55 | 24.53 | 31.64 |
| **Paul&nbsp;O'Mahony** | 52 | 366.2 | 49 | 1445 | 57 | 25.35 | 38.56 |
| **Gareth&nbsp;Powell** | 43 | 316.3 | 50 | 1169 | 44 | 26.57 | 43.16 |
| **Christopher&nbsp;Wright** | 42 | 211.1 | 11 | 1253 | 39 | 32.13 | 32.49 |
