---
layout: default
title: 2025 Statistics
nav_order: 18
parent: Statistics
---

# {{page.title}}

(Career Qualification 200 runs; 20 wkts)

<details open markdown="block">
  {: .text-delta }
1. TOC
{:toc}
</details>

## Season Batting

| Player | Matches | Inns | NO | Runs | Ave |
|:--|:--|:--|:--|:--|
| **Alf&nbsp;Beswick** | 8 | 8 | 1 | 322 | 46 |
| **Richard&nbsp;Beswick** | 9 | 8 | 2 | 147 | 24.5 |
| **Richard&nbsp;Earney** | 9 | 9 | 0 | 147 | 16.33 |
| **Matt&nbsp;Griffiths** | 2 | 2 | 0 | 134 | 67 |
| **Patrick&nbsp;Wigg** | 7 | 5 | 4 | 104 | 104 |
| **Anandraj&nbsp;Venkatasamy** | 2 | 2 | 0 | 97 | 48.5 |
| **Brock&nbsp;Boyd-Taylor** | 2 | 2 | 0 | 84 | 42 |
| **Matt&nbsp;Rogers** | 1 | 1 | 0 | 74 | 74 |
| **Tom&nbsp;Newbiggin** | 2 | 2 | 0 | 69 | 34.5 |
| **Imran&nbsp;Ali** | 5 | 4 | 0 | 62 | 15.5 |
| **Jack&nbsp;Scallan** | 2 | 2 | 0 | 55 | 27.5 |
| **Saif&nbsp;Mohammed** | 3 | 2 | 0 | 50 | 25 |
| **Srikanth&nbsp;Balasubramanian** | 2 | 2 | 0 | 41 | 20.5 |
| **Jack&nbsp;Stacey** | 3 | 3 | 1 | 37 | 18.5 |
| **Paris&nbsp;Grappy** | 2 | 2 | 0 | 32 | 16 |
| **Andrew&nbsp;Gallagher** | 3 | 3 | 0 | 26 | 8.67 |
| **Iqbal&nbsp;Miah** | 7 | 5 | 1 | 23 | 5.75 |
| **William&nbsp;Calvert** | 2 | 2 | 0 | 22 | 11 |
| **Aamir&nbsp;Khan** | 1 | 1 | 0 | 19 | 19 |
| **Simon&nbsp;Barrowcliff** | 1 | 1 | 0 | 15 | 15 |
| **Dylan&nbsp;Grice** | 1 | 1 | 0 | 13 | 13 |
| **Chris&nbsp;Etheridge** | 1 | 1 | 0 | 10 | 10 |
| **Christopher&nbsp;Wright** | 6 | 4 | 2 | 9 | 4.5 |
| **Richard&nbsp;Grice** | 1 | 1 | 0 | 9 | 9 |
| **Gabriel&nbsp;Clothier** | 1 | 1 | 0 | 4 | 4 |
| **Marcus&nbsp;Pugh-Smith** | 1 | 1 | 0 | 3 | 3 |
| **Yousaf&nbsp;Khan** | 1 | 1 | 0 | 3 | 3 |
| **Jim&nbsp;Grant** | 6 | 3 | 1 | 2 | 1 |
| **Harry&nbsp;Griffiths** | 2 | 1 | 0 | 0 | 0 |
| **Harry&nbsp;Earney** | 1 | 0 | 0 | 0 | - |
| **Jack&nbsp;Casey** | 2 | 0 | 0 | 0 | - |
| **Barney&nbsp;Matthews** | 1 | 0 | 0 | 0 | - |
| **Majid&nbsp;Ali** | 1 | 1 | 0 | 0 | 0 |

## Season Batting (by ave)

| Player | Matches | Inns | NO | Runs | Ave |
|:--|:--|:--|:--|:--|
| **Patrick&nbsp;Wigg** | 7 | 5 | 4 | 104 | 104 |
| **Matt&nbsp;Rogers** | 1 | 1 | 0 | 74 | 74 |
| **Matt&nbsp;Griffiths** | 2 | 2 | 0 | 134 | 67 |
| **Anandraj&nbsp;Venkatasamy** | 2 | 2 | 0 | 97 | 48.5 |
| **Alf&nbsp;Beswick** | 8 | 8 | 1 | 322 | 46 |
| **Brock&nbsp;Boyd-Taylor** | 2 | 2 | 0 | 84 | 42 |
| **Tom&nbsp;Newbiggin** | 2 | 2 | 0 | 69 | 34.5 |
| **Jack&nbsp;Scallan** | 2 | 2 | 0 | 55 | 27.5 |
| **Saif&nbsp;Mohammed** | 3 | 2 | 0 | 50 | 25 |
| **Richard&nbsp;Beswick** | 9 | 8 | 2 | 147 | 24.5 |
| **Srikanth&nbsp;Balasubramanian** | 2 | 2 | 0 | 41 | 20.5 |
| **Aamir&nbsp;Khan** | 1 | 1 | 0 | 19 | 19 |
| **Jack&nbsp;Stacey** | 3 | 3 | 1 | 37 | 18.5 |
| **Richard&nbsp;Earney** | 9 | 9 | 0 | 147 | 16.33 |
| **Paris&nbsp;Grappy** | 2 | 2 | 0 | 32 | 16 |
| **Imran&nbsp;Ali** | 5 | 4 | 0 | 62 | 15.5 |
| **Simon&nbsp;Barrowcliff** | 1 | 1 | 0 | 15 | 15 |
| **Dylan&nbsp;Grice** | 1 | 1 | 0 | 13 | 13 |
| **William&nbsp;Calvert** | 2 | 2 | 0 | 22 | 11 |
| **Chris&nbsp;Etheridge** | 1 | 1 | 0 | 10 | 10 |
| **Richard&nbsp;Grice** | 1 | 1 | 0 | 9 | 9 |
| **Andrew&nbsp;Gallagher** | 3 | 3 | 0 | 26 | 8.67 |
| **Iqbal&nbsp;Miah** | 7 | 5 | 1 | 23 | 5.75 |
| **Christopher&nbsp;Wright** | 6 | 4 | 2 | 9 | 4.5 |
| **Gabriel&nbsp;Clothier** | 1 | 1 | 0 | 4 | 4 |
| **Marcus&nbsp;Pugh-Smith** | 1 | 1 | 0 | 3 | 3 |
| **Yousaf&nbsp;Khan** | 1 | 1 | 0 | 3 | 3 |
| **Jim&nbsp;Grant** | 6 | 3 | 1 | 2 | 1 |
| **Harry&nbsp;Griffiths** | 2 | 1 | 0 | 0 | 0 |
| **Majid&nbsp;Ali** | 1 | 1 | 0 | 0 | 0 |
| **Harry&nbsp;Earney** | 1 | 0 | 0 | 0 | - |
| **Jack&nbsp;Casey** | 2 | 0 | 0 | 0 | - |
| **Barney&nbsp;Matthews** | 1 | 0 | 0 | 0 | - |

## Career Batting

| Player | Matches | Inns | NO | Runs | Ave |
|:--|:--|:--|:--|:--|:--|
| **Richard&nbsp;Earney** | 401 | 393 | 31 | 10018 | 27.67 |
| **Richard&nbsp;Beswick** | 529 | 471 | 74 | 8668 | 21.83 |
| **Jim&nbsp;Grant** | 426 | 347 | 55 | 4599 | 15.75 |
| **William&nbsp;Calvert** | 324 | 293 | 36 | 3900 | 15.18 |
| **Andrew&nbsp;Gallagher** | 151 | 143 | 13 | 3162 | 24.32 |
| **Steven&nbsp;Hornsby** | 91 | 87 | 14 | 2890 | 39.59 |
| **Ian&nbsp;Marshall** | 199 | 152 | 28 | 2549 | 20.56 |
| **Alf&nbsp;Beswick** | 96 | 90 | 10 | 2321 | 29.01 |
| **Simon&nbsp;Barrowcliff** | 99 | 96 | 6 | 2274 | 25.27 |
| **Mohit&nbsp;Gupta** | 88 | 82 | 15 | 2057 | 30.70 |
| **Patrick&nbsp;Wigg** | 167 | 129 | 41 | 1802 | 20.48 |
| **Edward&nbsp;Garland** | 223 | 155 | 43 | 1484 | 13.25 |
| **Martin&nbsp;Goff** | 44 | 44 | 3 | 1261 | 30.76 |
| **Ray&nbsp;Damaze** | 56 | 55 | 5 | 1219 | 24.38 |
| **Tom&nbsp;Rutherford** | 63 | 58 | 6 | 1080 | 20.77 |
| **Harry&nbsp;Ingham** | 71 | 61 | 16 | 969 | 21.53 |
| **Andrew&nbsp;Slight** | 113 | 94 | 9 | 939 | 11.05 |
| **Jerry&nbsp;Wright** | 377 | 183 | 73 | 936 | 8.51 |
| **David&nbsp;Swann** | 21 | 20 | 5 | 755 | 50.33 |
| **Richard&nbsp;Kitson** | 39 | 39 | 6 | 722 | 21.88 |
| **Pete&nbsp;Grant** | 105 | 94 | 13 | 698 | 8.62 |
| **Phil&nbsp;Bentley** | 19 | 18 | 2 | 683 | 42.69 |
| **Martin&nbsp;Breddy** | 16 | 16 | 0 | 650 | 40.63 |
| **Mark&nbsp;Gardiner** | 100 | 83 | 16 | 618 | 9.22 |
| **Will&nbsp;Wright** | 25 | 24 | 2 | 601 | 27.32 |
| **James&nbsp;Hylton** | 9 | 8 | 2 | 542 | 90.33 |
| **Andrew&nbsp;MacFarlane** | 34 | 30 | 0 | 530 | 17.67 |
| **Mark&nbsp;Taylor** | 15 | 15 | 2 | 495 | 38.08 |
| **David&nbsp;Young** | 91 | 67 | 18 | 493 | 10.06 |
| **Tony&nbsp;Purves** | 18 | 16 | 5 | 459 | 41.73 |
| **Brock&nbsp;Boyd-Taylor** | 17 | 17 | 2 | 445 | 29.67 |
| **Mark&nbsp;Petre** | 27 | 27 | 3 | 437 | 18.21 |
| **Iqbal&nbsp;Miah** | 52 | 39 | 13 | 403 | 15.50 |
| **Richard&nbsp;Coyle** | 73 | 65 | 16 | 382 | 7.80 |
| **Alan&nbsp;Sylvester** | 57 | 35 | 16 | 380 | 20.00 |
| **Jim&nbsp;Carroll** | 14 | 13 | 2 | 372 | 33.82 |
| **Stuart&nbsp;Watson** | 14 | 14 | 4 | 370 | 37.00 |
| **Richard&nbsp;Green** | 34 | 25 | 5 | 359 | 17.95 |
| **Mark&nbsp;Kirwan** | 42 | 29 | 6 | 357 | 15.52 |
| **Tim&nbsp;Hammond** | 10 | 10 | 2 | 343 | 42.88 |
| **William&nbsp;Chapman** | 25 | 24 | 3 | 341 | 16.24 |
| **Andrew&nbsp;Fielding** | 39 | 35 | 2 | 340 | 10.30 |
| **Jack&nbsp;Stacey** | 16 | 16 | 2 | 327 | 23.36 |
| **Anandraj&nbsp;Venkatasamy** | 7 | 7 | 1 | 305 | 50.83 |
| **Richard&nbsp;Olver** | 45 | 30 | 14 | 287 | 17.94 |
| **Siam&nbsp;Amin** | 24 | 20 | 3 | 284 | 16.71 |
| **John&nbsp;Stimpfig** | 29 | 22 | 4 | 262 | 14.56 |
| **John&nbsp;Packenham-Walsh** | 11 | 9 | 2 | 261 | 37.29 |
| **Matt&nbsp;Griffiths** | 8 | 8 | 0 | 243 | 30.38 |
| **James&nbsp;Booth** | 9 | 9 | 1 | 235 | 29.38 |
| **Tim&nbsp;Horsey** | 44 | 40 | 9 | 228 | 7.35 |
| **Ishmail&nbsp;Matvad** | 9 | 7 | 0 | 222 | 31.71 |
| **Ted&nbsp;Ingham** | 22 | 21 | 2 | 220 | 11.58 |
| **Toby&nbsp;Carden** | 19 | 14 | 2 | 215 | 17.92 |
| **Syeed&nbsp;Habib** | 6 | 5 | 1 | 204 | 51.00 |

## Career Batting (by ave)

| Player | Matches | Inns | NO | Runs | Ave |
|:--|:--|:--|:--|:--|:--|
| **James&nbsp;Hylton** | 9 | 8 | 2 | 542 | 90.33 |
| **Syeed&nbsp;Habib** | 6 | 5 | 1 | 204 | 51.00 |
| **Anandraj&nbsp;Venkatasamy** | 7 | 7 | 1 | 305 | 50.83 |
| **David&nbsp;Swann** | 21 | 20 | 5 | 755 | 50.33 |
| **Tim&nbsp;Hammond** | 10 | 10 | 2 | 343 | 42.88 |
| **Phil&nbsp;Bentley** | 19 | 18 | 2 | 683 | 42.69 |
| **Tony&nbsp;Purves** | 18 | 16 | 5 | 459 | 41.73 |
| **Martin&nbsp;Breddy** | 16 | 16 | 0 | 650 | 40.63 |
| **Steven&nbsp;Hornsby** | 91 | 87 | 14 | 2890 | 39.59 |
| **Mark&nbsp;Taylor** | 15 | 15 | 2 | 495 | 38.08 |
| **John&nbsp;Packenham-Walsh** | 11 | 9 | 2 | 261 | 37.29 |
| **Stuart&nbsp;Watson** | 14 | 14 | 4 | 370 | 37.00 |
| **Jim&nbsp;Carroll** | 14 | 13 | 2 | 372 | 33.82 |
| **Ishmail&nbsp;Matvad** | 9 | 7 | 0 | 222 | 31.71 |
| **Brock&nbsp;Boyd-Taylor** | 16 | 16 | 2 | 434 | 31.00 |
| **Martin&nbsp;Goff** | 44 | 44 | 3 | 1261 | 30.76 |
| **Mohit&nbsp;Gupta** | 88 | 82 | 15 | 2057 | 30.70 |
| **Matt&nbsp;Griffiths** | 8 | 8 | 0 | 243 | 30.38 |
| **James&nbsp;Booth** | 9 | 9 | 1 | 235 | 29.38 |
| **Alf&nbsp;Beswick** | 94 | 88 | 9 | 2233 | 28.27 |
| **Richard&nbsp;Earney** | 399 | 391 | 31 | 9961 | 27.67 |
| **Will&nbsp;Wright** | 25 | 24 | 2 | 601 | 27.32 |
| **Simon&nbsp;Barrowcliff** | 99 | 96 | 6 | 2274 | 25.27 |
| **Ray&nbsp;Damaze** | 56 | 55 | 5 | 1219 | 24.38 |
| **Andrew&nbsp;Gallagher** | 151 | 143 | 13 | 3162 | 24.32 |
| **Jack&nbsp;Stacey** | 16 | 16 | 2 | 327 | 23.36 |
| **Richard&nbsp;Kitson** | 39 | 39 | 6 | 722 | 21.88 |
| **Richard&nbsp;Beswick** | 527 | 469 | 73 | 8660 | 21.87 |
| **Harry&nbsp;Ingham** | 71 | 61 | 16 | 969 | 21.53 |
| **Tom&nbsp;Rutherford** | 63 | 58 | 6 | 1080 | 20.77 |
| **Ian&nbsp;Marshall** | 199 | 152 | 28 | 2549 | 20.56 |
| **Patrick&nbsp;Wigg** | 165 | 128 | 40 | 1786 | 20.29 |
| **Alan&nbsp;Sylvester** | 57 | 35 | 16 | 380 | 20.00 |
| **Mark&nbsp;Petre** | 27 | 27 | 3 | 437 | 18.21 |
| **Richard&nbsp;Green** | 34 | 25 | 5 | 359 | 17.95 |
| **Richard&nbsp;Olver** | 45 | 30 | 14 | 287 | 17.94 |
| **Toby&nbsp;Carden** | 19 | 14 | 2 | 215 | 17.92 |
| **Andrew&nbsp;MacFarlane** | 34 | 30 | 0 | 530 | 17.67 |
| **Siam&nbsp;Amin** | 24 | 20 | 3 | 284 | 16.71 |
| **William&nbsp;Chapman** | 25 | 24 | 3 | 341 | 16.24 |
| **Iqbal&nbsp;Miah** | 50 | 38 | 13 | 402 | 16.08 |
| **Jim&nbsp;Grant** | 425 | 347 | 55 | 4599 | 15.75 |
| **Mark&nbsp;Kirwan** | 42 | 29 | 6 | 357 | 15.52 |
| **William&nbsp;Calvert** | 323 | 292 | 36 | 3900 | 15.23 |
| **John&nbsp;Stimpfig** | 29 | 22 | 4 | 262 | 14.56 |
| **Edward&nbsp;Garland** | 223 | 155 | 43 | 1484 | 13.25 |
| **Ted&nbsp;Ingham** | 22 | 21 | 2 | 220 | 11.58 |
| **Andrew&nbsp;Slight** | 113 | 94 | 9 | 939 | 11.05 |
| **Andrew&nbsp;Fielding** | 39 | 35 | 2 | 340 | 10.30 |
| **David&nbsp;Young** | 91 | 67 | 18 | 493 | 10.06 |
| **Mark&nbsp;Gardiner** | 100 | 83 | 16 | 618 | 9.22 |
| **Pete&nbsp;Grant** | 105 | 94 | 13 | 698 | 8.62 |
| **Jerry&nbsp;Wright** | 377 | 183 | 73 | 936 | 8.51 |
| **Richard&nbsp;Coyle** | 73 | 65 | 16 | 382 | 7.80 |
| **Tim&nbsp;Horsey** | 44 | 40 | 9 | 228 | 7.35 |

## Season Bowling

| Player | Mat |  O | M | Runs | Wkts | Ave | SR |
|:--|:--|:--|:--|:--|:--|
| **Patrick&nbsp;Wigg** | 7 | 45 | 14 | 148 | 15 | 9.87 | 18 |
| **Iqbal&nbsp;Miah** | 7 | 37.5 | 1 | 201 | 10 | 20.1 | 22.7 |
| **Christopher&nbsp;Wright** | 6 | 29 | 1 | 184 | 9 | 20.44 | 19.33 |
| **Imran&nbsp;Ali** | 5 | 31 | 3 | 150 | 6 | 25 | 31 |
| **Richard&nbsp;Earney** | 9 | 32 | 3 | 180 | 6 | 30 | 32 |
| **Matt&nbsp;Griffiths** | 2 | 8.2 | 0 | 58 | 5 | 11.6 | 10 |
| **Anandraj&nbsp;Venkatasamy** | 2 | 13 | 2 | 55 | 4 | 13.75 | 19.5 |
| **Jack&nbsp;Casey** | 2 | 9.3 | 2 | 31 | 4 | 7.75 | 14.25 |
| **Richard&nbsp;Beswick** | 9 | 11 | 1 | 69 | 3 | 23 | 22 |
| **Tom&nbsp;Newbiggin** | 2 | 11 | 0 | 53 | 2 | 26.5 | 33 |
| **Saif&nbsp;Mohammed** | 3 | 11 | 1 | 59 | 1 | 59 | 66 |
| **Marcus&nbsp;Pugh-Smith** | 1 | 7 | 1 | 32 | 1 | 32 | 42 |
| **Srikanth&nbsp;Balasubramanian** | 2 | 6 | 0 | 65 | 1 | 65 | 36 |
| **Harry&nbsp;Griffiths** | 1 | 11 | 1 | 53 | 1 | 53 | 66 |
| **Jack&nbsp;Stacey** | 3 | 2 | 0 | 11 | 0 | - | - |
| **Chris&nbsp;Etheridge** | 1 | 1 | 0 | 13 | 0 | - | - |
| **Majid&nbsp;Ali** | 1 | 2 | 0 | 19 | 0 | - | - |
| **Matt&nbsp;Rogers** | 1 | 1 | 0 | 13 | 0 | - | - |
| **Yousaf&nbsp;Khan** | 1 | 3 | 0 | 15 | 0 | - | - |
| **Aamir&nbsp;Khan** | 1 | 5 | 0 | 21 | 0 | - | - |

## Season Bowling (by ave)

| Player | Mat |  O | M | Runs | Wkts | Ave | SR |
|:--|:--|:--|:--|:--|:--|
| **Jack&nbsp;Casey** | 2 | 9.3 | 2 | 31 | 4 | 7.75 | 14.25 |
| **Patrick&nbsp;Wigg** | 7 | 45 | 14 | 148 | 15 | 9.87 | 18 |
| **Matt&nbsp;Griffiths** | 2 | 8.2 | 0 | 58 | 5 | 11.6 | 10 |
| **Anandraj&nbsp;Venkatasamy** | 2 | 13 | 2 | 55 | 4 | 13.75 | 19.5 |
| **Iqbal&nbsp;Miah** | 7 | 37.5 | 1 | 201 | 10 | 20.1 | 22.7 |
| **Christopher&nbsp;Wright** | 6 | 29 | 1 | 184 | 9 | 20.44 | 19.33 |
| **Richard&nbsp;Beswick** | 9 | 11 | 1 | 69 | 3 | 23 | 22 |
| **Imran&nbsp;Ali** | 5 | 31 | 3 | 150 | 6 | 25 | 31 |
| **Tom&nbsp;Newbiggin** | 2 | 11 | 0 | 53 | 2 | 26.5 | 33 |
| **Richard&nbsp;Earney** | 9 | 32 | 3 | 180 | 6 | 30 | 32 |
| **Marcus&nbsp;Pugh-Smith** | 1 | 7 | 1 | 32 | 1 | 32 | 42 |
| **Harry&nbsp;Griffiths** | 1 | 11 | 1 | 53 | 1 | 53 | 66 |
| **Saif&nbsp;Mohammed** | 3 | 11 | 1 | 59 | 1 | 59 | 66 |
| **Srikanth&nbsp;Balasubramanian** | 2 | 6 | 0 | 65 | 1 | 65 | 36 |

## Career Bowling

| Player | M | O | M | Runs | Wkts | Ave | SR |
|:--|:--|:--|:--|:--|:--|:--|
| **Jerry&nbsp;Wright** | 377 | 2674.4 | 349 | 10396 | 533 | 19.50 | 30.11 |
| **Richard&nbsp;Beswick** | 529 | 2263 | 459 | 8512 | 473 | 18.00 | 28.71 |
| **Ian&nbsp;Marshall** | 199 | 1680.2 | 410 | 5088 | 272 | 18.71 | 37.07 |
| **Edward&nbsp;Garland** | 223 | 970.2 | 86 | 4658 | 259 | 17.98 | 22.48 |
| **Richard&nbsp;Earney** | 401 | 1182 | 110 | 5721 | 251 | 22.79 | 28.25 |
| **Patrick&nbsp;Wigg** | 167 | 1232.2 | 230 | 4162 | 232 | 17.94 | 31.87 |
| **William&nbsp;Calvert** | 324 | 651.3 | 86 | 2955 | 145 | 20.38 | 26.96 |
| **Harry&nbsp;Ingham** | 71 | 573.2 | 111 | 1867 | 97 | 19.25 | 35.46 |
| **Mohit&nbsp;Gupta** | 88 | 489.3 | 58 | 1925 | 94 | 20.48 | 31.24 |
| **Alan&nbsp;Sylvester** | 57 | 373.1 | 66 | 1402 | 74 | 18.95 | 30.26 |
| **Mark&nbsp;Kirwan** | 42 | 339.3 | 60 | 1133 | 69 | 16.42 | 29.52 |
| **Andrew&nbsp;MacFarlane** | 34 | 329 | 70 | 1041 | 68 | 15.31 | 29.03 |
| **Richard&nbsp;Green** | 34 | 266.4 | 27 | 1042 | 63 | 16.54 | 25.40 |
| **Iqbal&nbsp;Miah** | 52 | 311 | 31 | 1460 | 61 | 23.93 | 30.59 |
| **Paul&nbsp;O'Mahony** | 52 | 366.2 | 49 | 1445 | 57 | 25.35 | 38.56 |
| **Richard&nbsp;Olver** | 45 | 298 | 69 | 931 | 49 | 19.00 | 36.49 |
| **Andrew&nbsp;Gallagher** | 151 | 190 | 12 | 1069 | 47 | 22.74 | 24.26 |
| **Graeme&nbsp;Wright** | 49 | 332 | 56 | 1101 | 47 | 23.43 | 42.38 |
| **Tom&nbsp;Rutherford** | 63 | 257 | 31 | 1045 | 47 | 22.23 | 32.81 |
| **Christopher&nbsp;Wright** | 47 | 237.1 | 12 | 1414 | 46 | 30.74 | 30.93 |
| **Gareth&nbsp;Powell** | 43 | 316.3 | 50 | 1169 | 44 | 26.57 | 43.16 |
| **Steven&nbsp;Hornsby** | 91 | 183.4 | 14 | 911 | 41 | 22.22 | 26.88 |
| **Steve&nbsp;Masterson** | 25 | 217.1 | 46 | 732 | 36 | 20.33 | 36.19 |
| **Tony&nbsp;Purves** | 18 | 112.2 | 14 | 488 | 36 | 13.56 | 18.72 |
| **Mark&nbsp;Gardiner** | 100 | 139.5 | 11 | 603 | 33 | 18.27 | 25.42 |
| **Phil&nbsp;Bentley** | 19 | 166.3 | 30 | 518 | 31 | 16.71 | 32.23 |
| **Philip&nbsp;Beswick** | 46 | 125.5 | 5 | 669 | 28 | 23.89 | 26.96 |
| **Andrew&nbsp;Slight** | 113 | 77 | 2 | 436 | 27 | 16.15 | 17.11 |
| **Mark&nbsp;Taylor** | 15 | 102 | 25 | 319 | 22 | 14.50 | 27.82 |
| **Jack&nbsp;Casey** | 18 | 100.1 | 13 | 462 | 20 | 23.10 | 30.05 |

## Career Bowling (by ave)

| Player | M | O | M | Runs | Wkts | Ave | SR |
|:--|:--|:--|:--|:--|:--|:--|
| **Tony&nbsp;Purves** | 18 | 112.2 | 14 | 488 | 36 | 13.56 | 18.72 |
| **Mark&nbsp;Taylor** | 15 | 102 | 25 | 319 | 22 | 14.50 | 27.82 |
| **Andrew&nbsp;MacFarlane** | 34 | 329 | 70 | 1041 | 68 | 15.31 | 29.03 |
| **Andrew&nbsp;Slight** | 113 | 77 | 2 | 436 | 27 | 16.15 | 17.11 |
| **Mark&nbsp;Kirwan** | 42 | 339.3 | 60 | 1133 | 69 | 16.42 | 29.52 |
| **Richard&nbsp;Green** | 34 | 266.4 | 27 | 1042 | 63 | 16.54 | 25.40 |
| **Phil&nbsp;Bentley** | 19 | 166.3 | 30 | 518 | 31 | 16.71 | 32.23 |
| **Patrick&nbsp;Wigg** | 167 | 1232.2 | 230 | 4162 | 232 | 17.94 | 31.87 |
| **Edward&nbsp;Garland** | 223 | 970.2 | 86 | 4658 | 259 | 17.98 | 22.48 |
| **Richard&nbsp;Beswick** | 529 | 2263 | 459 | 8512 | 473 | 18.00 | 28.71 |
| **Mark&nbsp;Gardiner** | 100 | 139.5 | 11 | 603 | 33 | 18.27 | 25.42 |
| **Ian&nbsp;Marshall** | 199 | 1680.2 | 410 | 5088 | 272 | 18.71 | 37.07 |
| **Alan&nbsp;Sylvester** | 57 | 373.1 | 66 | 1402 | 74 | 18.95 | 30.26 |
| **Richard&nbsp;Olver** | 45 | 298 | 69 | 931 | 49 | 19.00 | 36.49 |
| **Harry&nbsp;Ingham** | 71 | 573.2 | 111 | 1867 | 97 | 19.25 | 35.46 |
| **Jerry&nbsp;Wright** | 377 | 2674.4 | 349 | 10396 | 533 | 19.50 | 30.11 |
| **Steve&nbsp;Masterson** | 25 | 217.1 | 46 | 732 | 36 | 20.33 | 36.19 |
| **William&nbsp;Calvert** | 324 | 651.3 | 86 | 2955 | 145 | 20.38 | 26.96 |
| **Mohit&nbsp;Gupta** | 88 | 489.3 | 58 | 1925 | 94 | 20.48 | 31.24 |
| **Steven&nbsp;Hornsby** | 91 | 183.4 | 14 | 911 | 41 | 22.22 | 26.88 |
| **Tom&nbsp;Rutherford** | 63 | 257 | 31 | 1045 | 47 | 22.23 | 32.81 |
| **Andrew&nbsp;Gallagher** | 151 | 190 | 12 | 1069 | 47 | 22.74 | 24.26 |
| **Richard&nbsp;Earney** | 401 | 1182 | 110 | 5721 | 251 | 22.79 | 28.25 |
| **Jack&nbsp;Casey** | 18 | 100.1 | 13 | 462 | 20 | 23.10 | 30.05 |
| **Graeme&nbsp;Wright** | 49 | 332 | 56 | 1101 | 47 | 23.43 | 42.38 |
| **Philip&nbsp;Beswick** | 46 | 125.5 | 5 | 669 | 28 | 23.89 | 26.96 |
| **Iqbal&nbsp;Miah** | 52 | 311 | 31 | 1460 | 61 | 23.93 | 30.59 |
| **Paul&nbsp;O'Mahony** | 52 | 366.2 | 49 | 1445 | 57 | 25.35 | 38.56 |
| **Gareth&nbsp;Powell** | 43 | 316.3 | 50 | 1169 | 44 | 26.57 | 43.16 |
| **Christopher&nbsp;Wright** | 47 | 237.1 | 12 | 1414 | 46 | 30.74 | 30.93 |
